-11.456980932132034
-11.456980932132034
-11.456980932132034
-11.456980932132034
-11.456980932132034
-11.456980932132034
-11.456980932132034
-11.456980932132034
-11.456980932132034
-11.456980932132034
-7.3533598408160525
-7.3533598408160525
-7.3533598408160525
-7.3533598408160525
-7.3533598408160525
-7.3533598408160525
-7.3533598408160525
-7.3533598408160525
-7.3533598408160525
-7.3533598408160525
-13.368660985742874
-13.368660985742874
-13.368660985742874
-13.368660985742874
-13.368660985742874
-13.368660985742874
-13.368660985742874
-13.368660985742874
-13.368660985742874
-13.368660985742874
-10.16305218868746
-10.16305218868746
-10.16305218868746
-10.16305218868746
-10.16305218868746
-10.16305218868746
-10.16305218868746
-10.16305218868746
-10.16305218868746
-10.16305218868746
-13.59934322321599
-13.59934322321599
-13.59934322321599
-13.59934322321599
-13.59934322321599
-13.59934322321599
-13.59934322321599
-13.59934322321599
-13.59934322321599
-13.59934322321599
-9.596491561935018
-9.596491561935018
-9.596491561935018
-9.596491561935018
-9.596491561935018
-9.596491561935018
-9.596491561935018
-9.596491561935018
-9.596491561935018
-9.596491561935018
-11.840291985307177
-11.840291985307177
-11.840291985307177
-11.840291985307177
-11.840291985307177
-11.840291985307177
-11.840291985307177
-11.840291985307177
-11.840291985307177
-11.840291985307177
-14.780294272200889
-14.780294272200889
-14.780294272200889
-14.780294272200889
-14.780294272200889
-14.780294272200889
-14.780294272200889
-14.780294272200889
-14.780294272200889
-14.780294272200889
-13.847644871969091
-13.847644871969091
-13.847644871969091
-13.847644871969091
-13.847644871969091
-13.847644871969091
-13.847644871969091
-13.847644871969091
-13.847644871969091
-13.847644871969091
-11.648669505034212
-11.648669505034212
-11.648669505034212
-11.648669505034212
-11.648669505034212
-11.648669505034212
-11.648669505034212
-11.648669505034212
-11.648669505034212
-11.648669505034212
-18.918932691815364
-18.918932691815364
-18.918932691815364
-18.918932691815364
-18.918932691815364
-18.918932691815364
-18.918932691815364
-18.918932691815364
-18.918932691815364
-18.918932691815364
-14.86823315871005
-14.86823315871005
-14.86823315871005
-14.86823315871005
-14.86823315871005
-14.86823315871005
-14.86823315871005
-14.86823315871005
-14.86823315871005
-14.86823315871005
-14.953683875845334
-14.953683875845334
-14.953683875845334
-14.953683875845334
-14.953683875845334
-14.953683875845334
-14.953683875845334
-14.953683875845334
-14.953683875845334
-14.953683875845334
-15.464459978943971
-15.464459978943971
-15.464459978943971
-15.464459978943971
-15.464459978943971
-15.464459978943971
-15.464459978943971
-15.464459978943971
-15.464459978943971
-15.464459978943971
-6.943764235561726
-6.943764235561726
-6.943764235561726
-6.943764235561726
-6.943764235561726
-6.943764235561726
-6.943764235561726
-6.943764235561726
-6.943764235561726
-6.943764235561726
-9.054701609714877
-9.054701609714877
-9.054701609714877
-9.054701609714877
-9.054701609714877
-9.054701609714877
-9.054701609714877
-9.054701609714877
-9.054701609714877
-9.054701609714877
-9.64219016605414
-9.64219016605414
-9.64219016605414
-9.64219016605414
-9.64219016605414
-9.64219016605414
-9.64219016605414
-9.64219016605414
-9.64219016605414
-9.64219016605414
-13.708556402793123
-13.708556402793123
-13.708556402793123
-13.708556402793123
-13.708556402793123
-13.708556402793123
-13.708556402793123
-13.708556402793123
-13.708556402793123
-13.708556402793123
-15.32302215658012
-15.32302215658012
-15.32302215658012
-15.32302215658012
-15.32302215658012
-15.32302215658012
-15.32302215658012
-15.32302215658012
-15.32302215658012
-15.32302215658012
-11.74658077840048
-11.74658077840048
-11.74658077840048
-11.74658077840048
-11.74658077840048
-11.74658077840048
-11.74658077840048
-11.74658077840048
-11.74658077840048
-11.74658077840048
-6.925222373789581
-6.925222373789581
-6.925222373789581
-6.925222373789581
-6.925222373789581
-6.925222373789581
-6.925222373789581
-6.925222373789581
-6.925222373789581
-6.925222373789581
-15.091583356430023
-15.091583356430023
-15.091583356430023
-15.091583356430023
-15.091583356430023
-15.091583356430023
-15.091583356430023
-15.091583356430023
-15.091583356430023
-15.091583356430023
-9.579354950575992
-9.579354950575992
-9.579354950575992
-9.579354950575992
-9.579354950575992
-9.579354950575992
-9.579354950575992
-9.579354950575992
-9.579354950575992
-9.579354950575992
-11.094909959634093
-11.094909959634093
-11.094909959634093
-11.094909959634093
-11.094909959634093
-11.094909959634093
-11.094909959634093
-11.094909959634093
-11.094909959634093
-11.094909959634093
-9.764785713351896
-9.764785713351896
-9.764785713351896
-9.764785713351896
-9.764785713351896
-9.764785713351896
-9.764785713351896
-9.764785713351896
-9.764785713351896
-9.764785713351896
-11.202152295970912
-11.202152295970912
-11.202152295970912
-11.202152295970912
-11.202152295970912
-11.202152295970912
-11.202152295970912
-11.202152295970912
-11.202152295970912
-11.202152295970912
-16.503114262371632
-16.503114262371632
-16.503114262371632
-16.503114262371632
-16.503114262371632
-16.503114262371632
-16.503114262371632
-16.503114262371632
-16.503114262371632
-16.503114262371632
-16.585870312508245
-16.585870312508245
-16.585870312508245
-16.585870312508245
-16.585870312508245
-16.585870312508245
-16.585870312508245
-16.585870312508245
-16.585870312508245
-16.585870312508245
-11.667654271761146
-11.667654271761146
-11.667654271761146
-11.667654271761146
-11.667654271761146
-11.667654271761146
-11.667654271761146
-11.667654271761146
-11.667654271761146
-11.667654271761146
-6.238738632568261
-6.238738632568261
-6.238738632568261
-6.238738632568261
-6.238738632568261
-6.238738632568261
-6.238738632568261
-6.238738632568261
-6.238738632568261
-6.238738632568261
-6.869768969652308
-6.869768969652308
-6.869768969652308
-6.869768969652308
-6.869768969652308
-6.869768969652308
-6.869768969652308
-6.869768969652308
-6.869768969652308
-6.869768969652308
-6.771334804442017
-6.771334804442017
-6.771334804442017
-6.771334804442017
-6.771334804442017
-6.771334804442017
-6.771334804442017
-6.771334804442017
-6.771334804442017
-6.771334804442017
-8.21364026489278
-8.21364026489278
-8.21364026489278
-8.21364026489278
-8.21364026489278
-8.21364026489278
-8.21364026489278
-8.21364026489278
-8.21364026489278
-8.21364026489278
-14.185893317791056
-14.185893317791056
-14.185893317791056
-14.185893317791056
-14.185893317791056
-14.185893317791056
-14.185893317791056
-14.185893317791056
-14.185893317791056
-14.185893317791056
-14.909724437800179
-14.909724437800179
-14.909724437800179
-14.909724437800179
-14.909724437800179
-14.909724437800179
-14.909724437800179
-14.909724437800179
-14.909724437800179
-14.909724437800179
