-11.879507001217931
-8.733645415555818
4.953101270099464
-0.7806891851086568
-8.383889533370427
2.9266014415769503
2.190267172433706
-1.644714321846378
5.061134582721712
3.163334985609919
3.4606963472309715
0.9610530595795259
-0.16566592861413537
-0.8891728780136352
-0.16971876179005352
-0.17407422805135403
-2.186839444234931
-0.6527954760850694
-1.637674808075082
-0.00017231990086341575
-3.4137949695462417
0.46745985092740866
0.24305883801275674
-0.2162004850547472
-1.2958067318866957
-0.5790903841146284
-0.09898540665266675
-1.4419612305453806
1.6384298166127875
-1.8243142351667165
1.0853737427741386
-0.4291639154220518
3.67999807767551
0.36118920801604143
-0.7386126488392804
2.7471501664849813
0.563394357965693
6.124597542727746
1.455274354745947
1.2983504022551564
0.8498486472405303
0.8054675121456106
0.557505146439402
0.8553918646577346
0.8458329979851373
0.6453712206993888
0.5976593452476409
0.8394198523031972
1.022939003100939
0.8056179840560779
8.150430865638647
0.9904989435037094
2.771791238500337
3.652640997717759
5.261357408820167
2.317714298076868
2.0492543308825204
3.793416441802137
5.493575047533938
2.874437043377347
3.8488088490166703
3.9750616712669116
3.531043361835531
4.558356469932908
2.0169480860118103
4.621528066350351
3.8666567348018535
2.8347480691989024
5.363457457478841
0.982348620879542
6.608072938990253
3.2481620973632563
2.530511812667791
5.00574630593065
6.404307805601254
8.483644069605328
1.2710722580488818
1.2153175120361448
8.015869566848966
3.443319554783149
4.4239616267663795
4.549695591553144
5.156040931079861
4.381888398865892
3.6944498332484965
4.121867453217102
6.124442905786192
4.229638243725118
5.143174146803608
3.703743600325006
-5.768636918412145
-8.74202520912047
-8.603437891527271
-7.491479146213342
-9.251882708736206
-8.922473435492128
-11.782174204307827
-8.468298136824323
-8.840048460048012
-5.0497406240945795
-2.21080758347948
-0.25499940769724616
2.4730985219057873
1.433442201334734
2.8561787119797355
0.8896842346387737
1.582961275503935
-1.6190003678697946
2.1218311553285476
-1.010188525534418
3.8451611614531163
3.7589283966073146
3.9708819334263894
4.061697404215577
3.8310384150954846
3.676790522992599
3.8958376027679393
3.9409656861460034
3.674594610871568
3.993706836731561
-0.09328438411535526
1.016905832290109
0.04293565445618114
-0.5642015875813562
0.22890095015027054
-0.513172500388801
0.04977719043461368
0.8384835579969173
-0.2063324210993165
-0.26382144031096944
0.2670347514489828
-3.1139102254754
-0.26505259680516224
2.516186893150301
1.7135942792692882
-1.710404262060232
2.5693884760235934
1.7565828390973675
-3.0601908705954264
3.434493256127963
0.3546185134106251
-4.286328350639303
-2.0079945353614317
-4.061966461505295
-0.7426626751682821
-3.4488426664030296
-0.9776257727011218
-0.751124938346885
-1.0022385026420115
-6.290459648442207
10.946521920354092
5.0796612135820185
5.931841925996944
6.951555053111682
6.945670279553147
7.865364762061159
9.215461380186815
5.906763031024488
9.071361854664579
7.596533216265209
-6.636281954620678
-4.986308968066686
-8.593342501456581
-7.6634384585364925
4.054689119092045
0.5039484264425446
-6.045046591258175
-4.600301168311485
-6.547984488815307
-1.5454572738819508
0.05391078879966764
0.05391258424215167
0.05208800278243254
0.053910788799777315
0.05209212076825169
0.05391258424212946
0.05208788067056463
0.05208788067056404
0.05208800278243254
0.05391078879965409
11.023283686975601
3.8689141510999643
8.847188904838386
10.576603909973095
5.76841276102706
9.351136452227275
8.359864095411028
12.42835668742824
7.807483145629427
10.872008654136154
2.650318106866537
-0.8635532495438942
-1.0795863297692123
-0.6602024293012446
-0.4158142070009875
2.4659894933722395
-0.860496024074166
-0.7620263360415013
-0.5765697574848228
-0.7528454825120914
2.7524421824261194
2.0320002176591
2.2104080157857497
3.0861666440652042
2.6206433510207345
-0.1271344958582147
2.3249868152563793
2.6218581897284694
2.505736963354862
2.5484366001407754
-3.7599859049149904
-6.548866086008701
-7.020042368195397
-8.01287706803551
-5.4634838411821764
-7.257822844333194
-4.640797936691271
-6.740506714085141
-6.30173377180263
-8.27746926751062
-1.3115780707807647
-0.43467095192827176
-1.5116595302680642
-0.771670874840788
-0.8337780403127264
-1.0086110812098286
-1.5461079218202705
-1.1473312306169174
-1.2140035455984675
-1.0262689882433798
0.4554885001208845
0.7804169629911893
0.6380879042546438
1.28439282735158
-0.3069683195940792
1.4408635179303484
0.8054919396130196
0.5345532137508957
0.6349501774050116
0.33782356741859765
-1.363387963925975
-1.4311385691800327
-1.7640498206454531
-1.3831944699939114
-1.9659921724373792
-2.1685621633015857
-1.565819596991862
-1.4824569701879482
-2.16554499308264
-2.0342219859621435
1.9429884901611756
3.0546380059117464
2.2638840572554613
4.982671294041104
2.084616448291686
1.244159367908053
2.4158327305977005
2.862388053815141
2.7175253893132023
1.9457328999458638
1.2878163939844702
0.765993937074121
0.7265660218437165
1.6650282008404398
2.0471651853747512
2.119005167475736
0.5550008334988208
0.9522088108237179
2.126583416964849
1.8719934278340378
-0.0265015524260747
-0.060259818365048415
-2.252879505980484
-0.010780520425342277
-0.037803646778007155
-0.12930283831763303
-0.08778458520260844
-1.3742289888044983
-1.2309854448132784
-0.05617349953457825
0.6988915220703301
0.7018535608572765
0.6476223333680674
0.6707502497613751
0.6469765867479769
0.6491584964792771
0.687997554090504
0.6994734994401827
0.6998869956820885
0.696440882059053
-4.945825750979204
0.8552872782162512
-2.666753418398858
1.7544770660587596
-6.6733190534310545
-2.5281871505486646
-3.0778925326299573
0.22120232795053396
-0.8252962835938868
-5.642762564756165
-0.4779271652146583
0.28635586276285463
0.5597136079672516
-1.6707986956306744
-0.1564766132316433
0.2565451488830177
-2.5361473130574
1.2461907585704912
-1.823777483164797
0.70233922838819
3.4363170013962954
4.997167999807043
6.219948334683124
5.072435342102239
4.808625787153236
6.902285448938281
3.0807662769002713
5.01902963522352
5.759495650061207
5.21545224356041
0.3945076062281271
0.9264355594493685
1.134633359274663
2.9166825496143205
-0.38887937334490963
-1.5517581468359054
3.2003515952066564
-2.4195261895485807
1.3970838712983265
-3.6292355940797303
16.43375123282464
4.18437700218926
1.3187448881105703
5.21150153747723
0.9293836517557109
7.813981871715944
3.0032104125710024
-4.080122156763594
10.00166882553201
13.322787544868731
5.763434923470638
5.744355904130995
5.6934999895897045
5.1541156656156275
3.64416958643967
3.006044329614599
2.6712385165673584
3.936884055398977
5.996422832016067
5.717869993257722
