11.653234042104653
12.640708530045202
4.555694493543976
10.608972039468519
7.7762794695533
9.662114349369297
7.733449578645993
14.568072246584743
12.722552130986985
13.570519119446049
0.20202122235424502
0.28409475823162555
-0.2050956719819405
1.009445815705145
1.1158261672620862
1.3175103248523339
-0.09647853204236367
2.028569934479587
0.2020246612835177
1.1690157952129712
-0.27114819656079525
1.8407056078206459
1.190524982100327
-1.6265692898925779
-0.23737218397026072
-0.4421539155235694
-0.2239103708062632
-1.8454580299585064
-0.7639846411375367
-0.9950196812329938
-0.0533668656526736
0.027001515528476502
0.02702561346215892
0.031273884020168896
-0.09230491593799643
-0.05787871529275798
-0.0090061469085073
1.606515306457836
-0.0533671175772354
0.0270301142602554
-0.20124905358563527
-1.2078068133412667
1.6623924866670996
-2.7644348013488775
-0.35473417221839176
0.30689906900902186
-0.5564449732391632
-0.3478197399710219
-1.0144785231011462
0.4866219254664499
-4.508355701028319
-3.0655424180056645
-2.9222144474287126
-1.7866658964732138
-4.912772810227137
-2.4497862704244797
-6.250559569513145
-3.8167333611816248
-4.560033849392033
-1.6324096195860145
-0.017637212373001192
-0.017423594676147007
-0.017423594675439982
-0.03556757671147347
-0.017346308499345257
-0.03611727834756309
-0.017653362801539906
-0.03557594378599334
-0.017423594675439982
-0.017345666928643137
-0.8391466049903965
-2.502864353565589
-2.877306543674548
-2.022223096212943
-3.5665802898008705
-0.5745793873053721
-1.591913271098076
-0.5560038045141671
-4.292821620468188
-2.2074874915712535
-0.9301635570256854
-0.008835450274623985
0.007367315944263611
-0.4541412738197955
-0.9594490729128804
-1.5547584642827355
0.016278384821691444
-1.0994494950646185
0.013989271553052532
-0.9142334549335918
0.35635250026568616
-0.9857007796182841
-1.4111239812311576
-3.131794334453683
0.6108968926963054
0.461094993738009
4.480846187475087
2.6727586111135366
0.07065205130929189
-0.759580501455434
0.5627995228534914
3.6434245601830986
1.8200648948713471
2.230684232391507
-0.1475394785220358
-0.04456655809916543
-0.7163629383631113
1.6934730873294062
1.9716165791395681
4.984625425971828
3.904806237893376
0.9864510901424371
2.4944945224696484
2.6611747003315833
3.761466673123637
0.20811216091667084
2.1624067078399687
6.910634707212069
0.8449702826993187
4.07806751975065
2.517076278040479
0.5853247524051404
3.0961032823286745
3.3913521844767676
2.3900356164360512
2.073017166820829
2.1366107397422476
3.1840757759953853
1.2711545055505793
0.8578794069075885
1.9591743379664168
2.5536585165112444
2.537380254054402
3.2861425024387287
2.656797179244324
2.6873839392929173
4.139294822280285
1.5424268641068999
3.064821223194542
1.4096611708913294
0.025251561329707493
0.025251561330099884
0.02524539666880705
0.025251561341032364
0.025251561342393054
0.02525156133610739
0.025245396670089272
0.02524539666880705
0.025251561330099884
0.025251561329707493
-3.1626064210192064
-8.307442368116343
-5.987184979573307
-4.839587467545072
-3.07952759903858
-8.610669249121981
-11.376900082144818
-5.29353331757684
-6.3491795717920905
-8.401750015844552
-0.13160040040308763
-0.8160356516065388
-4.913398692191663
2.337974067323508
-2.4431745080434526
-2.305568752365025
-2.9567972196737546
-5.183035231630021
0.5747997031283747
-4.360737452231385
0.24726123918638035
0.06615928239891654
1.155498653240457
1.414027587459648
1.430082671533687
1.6253786119384908
1.0266956291203322
1.684650233849093
1.1137046596250155
1.0283516430384725
2.646302967226433
-1.1973740375514477
3.2997777797144288
1.0081219113942974
1.327908712416245
1.9400913158119222
-0.2540511196720032
-0.8787090604255116
1.936774582755797
-0.4220007869465374
3.2433613784764317
1.4725397427258247
-1.5756711010347693
2.707887145186618
2.53200200258155
-1.5542764139133487
-1.5258454049709287
3.2991913106936535
3.528263102956661
1.9362623383716207
1.3846909624246133
-0.06991915040405161
1.3350856251864736
-0.06998782934862524
-0.11772041867593874
-0.26529799019090217
0.273327323488443
0.5948797217938707
1.4472815025759618
0.9171529705909491
-1.2334415224223103
4.730439754427211
3.0375244269517054
-1.928031050527231
4.090046715527235
-1.0909699861827395
3.2537000510613523
-1.872421837989705
0.5473470440433803
2.8364492000310078
4.887944196119887
-3.123133166493413
4.614380355391773
3.8621026417013358
-1.7334431727006308
3.704153072682402
0.8972761706964074
1.6986953522288524
2.7344429223169398
0.7280916367416455
-1.6492382557411633
-0.29523399496388136
0.7029157519246769
1.170590804996487
0.05676540558436671
0.5749223672957371
0.4859774891658514
-0.41287009057425883
-0.3651122976943841
-1.4847431307612093
-7.3160922933101515
-6.32837609174977
-8.027041024532172
-9.25340391714264
-3.8710361184789166
-4.018163332791256
-4.542954418040608
0.2509620060399582
-1.1859762463337091
0.5402208582688821
-0.674557571750392
-1.600865566741873
-1.9401207086610326
-2.92518652737425
-1.9712007935857638
-2.809499489590815
0.6453894758436437
-0.6647122430125515
-0.44823731921432386
-0.49854732776841704
-2.56340640147075
-5.910816453870717
-5.338909234491274
-5.725549708556743
-5.462233584581669
-3.622014585707152
-7.8472074736186155
-5.22672345535297
-4.9316715010276555
-0.18193020512577607
0.5289962106243631
-3.5219946543206264
2.5537566303451733
3.721900734048822
2.660858525909425
1.3039436279838614
-1.228610563330484
3.913624658940694
-2.95105799155524
1.8619046844690335
-0.16637900218056012
4.282304697984225
-1.7030921313613514
0.8501266112383811
0.06218879864152105
-0.24578727132414402
0.1426066791692766
-2.4610430751205756
2.1255327104954027
-3.258817143761363
3.37531808447426
2.8868369502166376
3.073478086088954
4.9800519628226
5.700846168365161
4.280506409863926
4.783079666664687
3.3499495199577014
4.518991404551107
4.6217231051956995
-0.1067361449812565
0.11666716326989879
-0.3121137986371728
-0.30178653233548003
0.11478028042319133
-0.19718286190198975
0.11491696816058106
0.11653387128049775
-0.28753201501389736
-0.3017731296145073
-1.8856701539286167
1.008371191287253
0.4289608009624589
1.6013414787951217
-3.104227368210436
0.8906989706865734
-1.2811840838712998
-1.399592274491757
-0.07011175634566114
-1.1560668021233136
-0.007244800464315804
0.10394544451477597
-0.15107816413086775
-0.1673241559679049
-0.16190007987159133
-1.064479287610516
-0.8663864326423061
-0.16322851490369333
-0.4403815325238932
-0.5604507817154746
1.8566519233920715
2.0732905662622185
1.969793486106709
2.0550361148906173
1.8346577314849197
1.9285303576092123
1.8805267958865957
1.876413310737493
2.0986683162204445
1.9643526128610047
1.6148111826982834
-0.7624691525147638
0.8503305956186099
1.4804182667884047
-1.2831464186697454
-0.7974616812847333
1.060101487550718
-0.27695797359262686
-0.5333953601706564
3.520212655285694
