-0.07394443240831357
0.8216609463128506
1.587251804294236
0.007256380383513169
-4.03088005821319
-4.027095288471025
-0.12635270361984408
0.055356434597964944
0.006090389432804103
-0.03969450885476077
-9.303432641657517
0.4101117720288953
-1.40198358875064
-0.8788344832322124
0.18103550806185753
-0.5160917254196385
0.08351648039736367
0.07089202353225216
-2.587490534082057
-0.40336583608099996
8.853298056892502
-4.906078437227121
-0.18758139094879062
0.3233645155756387
0.9785283084250931
0.011930902356805738
-0.1503012091134766
-3.3049042750983544
0.12724344324022338
0.02933994197412804
-3.8028025785965838
0.04151432365975839
0.024336404829426235
0.29062065532777104
-0.1311683663005925
-0.23015979129973418
-0.9211449078653133
0.9298368243627957
-0.04610443728305319
-0.8302432454707818
-0.0029863837729268753
0.017077292549322224
-0.3254458356665135
0.6303298563223557
-4.986536413915055
-3.5154874939122918
-7.003534976084164
0.646391605250178
-0.061802937672040655
0.5223782404825159
-1.0016447453903679
-1.8032500570636818
0.23736738915016473
1.8662438402179145
-2.9240504973105805
0.05187907503556474
-4.10759327939458
0.8361000336090613
4.266032953238565
-1.8660873755822969
-3.8345051837317783
-0.1966513259381609
-0.0527001462951976
-0.2025253551727314
5.578223773328415
-0.12769001172081978
-0.19195723803202866
-0.9451429346023245
2.0402511603418394
4.35113314403359
-3.288063432701189
-4.023371320957039
-0.262991587535809
0.2988733714320174
0.38861619039835366
-2.281411260175733
0.040304183388362384
-0.12507933006713753
-0.3619908640925229
2.0152948376584177
-2.6290035098478137
-0.4538151981181247
-0.11904183573530781
-0.04672538118689086
-1.6102262742712388
-0.7484943035004171
0.3631549640523662
1.1534842574747437
0.5353697190407266
-0.044113542473906746
-1.9036159283372784
-4.9206096761772775
0.2727023182297904
0.5031392686104338
-0.10678568773289693
-4.309991754969173
2.007820744397784
-7.599064010253517
-3.740858499815178
-1.156982631794926
0.8597182456980824
-3.8903519279968934
-1.6782320973150133
0.2289922507127398
-0.3229893772267448
-7.45229895695811
-0.3365274309061176
-0.9070809390943564
0.7030547084738468
0.057319940716901344
0.26126595657581675
-0.028383956208483746
2.192871136044672
-0.6084913658367834
-9.059620368376294
0.06570820924826828
0.18935876156197676
-0.13311063184619357
-5.751061757625674
0.1901562239886274
-0.06099784967044517
0.0845694131917766
-0.44460502167659144
-0.0025029050935720665
0.008480881538260886
-0.031038405262407347
-0.140562807582638
-2.3763110493870787
0.7044147578851621
-0.04825071987042537
-0.3316855466399595
0.2048349740519408
-0.02043123423475859
0.9416347337169976
1.977592893193716
0.04126531975028553
-0.7239043730372581
2.8564854558742865
-5.266976709491703
-0.16419781811185047
-0.16055048896018276
0.0944352330569509
-0.10688692085195002
-7.177358098317776
-0.06915417324342851
1.8993976265927253
1.8791226111651185
0.03991379841255436
-0.2635010820168203
-0.5428568451036094
0.1674651272400297
-0.23123765046724826
0.2513795799419679
-0.007550965605011235
11.727215645747863
-0.04609834157564607
0.2075052935717162
-0.13134954954825956
0.25846674708730677
-4.036258648520882
6.873382269854359
-0.12467858819767232
-0.15184539347423084
0.15385757878819464
-0.4360744125764304
-0.14178970004072664
0.004002552010111744
-1.3504482255529564
-0.2758602949191926
0.30169778983228857
-0.06484253628279082
-0.31884228632226724
-0.4735485022922363
0.9220414898828173
-7.880385387643161
2.6851718599943055
-1.9474670590703127
0.011727520615059467
-1.4170955251749158
0.9665655830427478
-0.4877662162550702
0.3404091211653901
-1.3298439355174492
0.051518607301735256
1.3739215329887213
-2.522735088100818
-6.059595835227124
0.1617100328902402
-0.16376543475956207
-0.2550903165823291
-0.022142491474982776
0.09785610483202517
-3.5788140779537043
0.3086010211729394
-1.7053290964504293
-0.9916512875289178
-0.10395936186140053
0.03248605205731004
-1.4528472631989122
-0.16732516836100847
0.04081172834867974
-0.00889589266477435
0.06338089440256572
0.42253194198843746
0.32847886574441315
-1.7472786026603986
0.028768297632352613
0.19708179258441416
-8.288715043026397
-0.20102675078165397
-0.22472679833479914
-0.1466516968071247
-0.7028503001595827
1.2634643507254784
-0.5140206419867646
-0.4999394853572279
0.4128733117189782
7.963171593494347
-3.3647557404222863
-0.09032076326927421
0.3073417965382843
0.021038506314110514
-2.2230325313098787
0.05864856600620196
-0.22266945926047593
0.18457473542827485
-1.3196429053192587
1.424065268230582
0.3223534339511587
0.5357324534526082
-0.24839570274772527
-1.7398452673824862
-8.9837403566748
-1.4562174424133927
-0.012749476340231112
0.08980302226063552
0.8565852318418095
-0.09401851899203127
-0.06169059587544885
-3.9073831271459802
-0.2527854607159699
-1.3811894636547515
-1.4589013718719284
1.4846554268214824
-3.5981916110212353
-1.4482428742419025
-3.96139033132532
-0.048774289225704044
-0.34380756833195125
-1.947873226921689
-1.5113529830028178
0.3075669965644717
0.13514312754797042
0.14980299629975238
-3.1054883213612627
-0.17400548035092467
-4.007386275004873
-1.7337901068303623
0.28702033678556443
1.8195479542617736
5.555345398345636
-0.10454416029551175
-0.05473004580930316
3.9636681285424293
0.25216162369949
0.03992947981162399
-3.6935541372111182
0.43522838483016135
1.5855959665220074
0.04869562654492349
-13.759801784125731
-0.0564065719537433
-0.7162426291448378
-0.06431082747717255
-0.18134598998909315
-3.536114308898256
-1.1143955481950913
-1.2223118171930438
-0.08685037526864049
-5.920780539116584
0.04835429829528333
0.028314880912299438
-0.54473118721901
0.07919665762080101
-0.01495031875136749
0.331267782063882
-1.0675609421777728
-0.1262900241229185
-2.8680310231918256
0.03538920120282917
0.9620901989504702
-2.554543437542173
-0.3106722046872856
-0.03246466019677893
-1.9752629919188878
-0.02526106637401773
-0.008380111768997979
2.001863938915548
-0.0657042740019981
-2.08967116090908
0.10750132343054702
-0.009476594047802185
1.7524778937287988
0.07971434710424172
-0.6267696311376048
-1.5625061639256386
-0.04189484352766895
-0.28827922967402714
-0.05798996300069722
-0.2908204759869155
-5.727419952138151
-0.2585706384920095
0.04996975776679496
0.9729476162439268
-1.632567902691652
-1.3279545589531352
-0.07817909248942914
0.16134143578875706
0.48742384008297296
2.0246945562826593
0.6415415886032328
-0.28453089071037807
-8.794631929416509
1.3808698700916928
-0.0032836895807961527
-0.18757786813788802
6.142493559315479
-1.6872395197231032
0.1551213337684118
2.7218811309390336
1.8861264546830494
0.23117077301019728
-2.26859666044716
-0.7032450497027939
0.41031877819155016
-0.18711187989398725
-9.586237734597653
0.16558637080609448
-0.21724111821928327
-1.4917496963554528
-1.3121052141627954
3.1352662672722227
0.24580535434637213
-0.9406359842370504
0.316987665302216
4.157309144978093
1.1092280744742775
-1.795281550863164
-0.22783357366424392
-0.13352386523375293
