-15.307215367369013
-15.673042647158857
-16.64334355206605
-25.122966031036263
-26.40957779990723
-12.312958965869324
-15.325145483155422
-16.3717971939426
-20.25109197263728
-18.623610329240982
-17.963476702140632
-12.360138017242228
-18.73160082870781
-19.998192240426057
-22.620668725016095
-7.909979365724462
-20.237712561587113
-17.63195953666175
-10.362231720219842
-11.99563324161286
-40.30234945882229
-13.996315472405417
-15.5943055827966
-9.456523335917254
-24.984774239049305
-25.832623234499557
-21.237553574948546
-22.724406741527122
-14.346977095082867
-38.138118168240354
-16.467416686618737
-12.068999458687369
-20.931293309434583
-19.637440229548368
-20.359333956591602
-11.104939051584793
-22.659748414236706
-16.126990260609066
-17.02345717616379
-27.485138641224403
-17.965323876961545
-10.291752080292033
-19.712142668112605
-37.0209241107245
-9.381714027218221
-8.496736294083197
-15.147482907937118
-30.454538361389407
-20.859395256367158
-33.56977277435956
-14.849660637654116
-18.48106766650803
-23.384460390002026
-12.425167195797595
-9.809220308705223
-21.095732854470985
-9.366139781113178
-18.501664051637988
-19.260926879586005
-10.579236945174879
-18.732539000382072
-11.467006670935374
-20.590430159866845
-12.597576445690423
-17.65426629019548
-13.087065374182565
-34.66159895292046
-18.437702317321577
-22.530877246452068
-15.459086456238797
-11.912716034653817
-19.533934442989793
-20.477136929153065
-15.108212104798971
-11.668124304534913
-14.571552248214164
-22.95786953401699
-18.454732904965834
-16.10827213879521
-17.115834984653322
-11.536272986277329
-16.049761414043196
-15.558973554168428
-19.114942414385844
-23.03203460430913
-37.0580361704676
-16.54878218111369
-13.360890611259515
-32.29992335453138
-16.36771527728008
-17.596077713121197
-10.458877666677054
-10.43715320507539
-30.044878969927122
-27.039153905236002
-11.42072682918489
-27.331810471412716
-13.383239282800346
-26.05733485316222
-12.908599612140849
-20.317591195185813
-17.926658263350483
-11.520211501441718
-10.619630936878517
-15.76030178176379
-21.985417364168093
-9.724250896994153
-24.091129612088817
-11.838327417976295
-12.473188279155494
-19.745403391283823
-17.640598896593147
-8.490543200991471
-19.027884086446786
-21.089493791081487
-24.26117925754659
-12.589693922047893
-10.58926736326892
-16.70218620238316
-13.658246022828541
-22.22447192495151
-7.053090806760714
-12.203514349400905
-17.252047277288614
-13.42252052494515
-21.603638283105777
-7.732425360578643
-10.00606021122969
-20.294474479381684
-29.390380967730476
-9.958215997143919
-16.108723224536295
-20.44115799342803
-18.285831779431657
-11.721482765482396
-25.764346810507515
-26.606888176551895
-12.22237241710364
-13.738892153608171
-12.69223336559577
-15.391594746556725
-12.305483837113176
-20.59308623770932
-15.893688123054279
-9.948838742030752
-22.696626855443284
-52.06366374414036
-11.089269049989879
-23.202345490712954
-19.374056232029968
-10.36443392974048
-16.454798228533132
-18.811043302965896
-20.77942866987851
-15.915157203260483
-18.04890192444984
-16.643793832875858
-12.07964410635027
-22.653231845169614
-16.742383441905385
-14.129926695930571
-12.651518649694966
-13.874764405854396
-8.60368150870502
-20.227534997148904
-14.813165647845631
-15.61887707231654
-15.604908036003197
-18.637468728730358
-10.681793367660239
-14.253163623789897
-29.304602365441003
-13.928933596609577
-25.11494924856049
-19.05626607311576
-23.921772755592013
-20.661850901565625
-24.086683137280364
-27.542879293164876
-11.919195542070716
-17.27780501822733
-12.664833438841802
-15.924997731005488
-17.42022472293478
-21.01447293065494
-14.579604233488364
-20.638263623887234
-13.618301101326113
-19.47697784196477
-13.36670460154007
-16.78312544828383
-12.334084914945528
-31.86501868774955
-16.31697023266121
-19.091604256995506
-22.878965975225412
-19.801501381187645
-9.338220718009806
-26.857420263730877
-24.951256884193143
-16.902342750865284
-21.104377054851913
-24.10500532425355
-28.194227927046615
-16.030452798531297
-27.206132610535615
-17.23001295510944
-18.61847434635122
-18.95940814468888
-17.924013820101845
-30.760285413882553
-14.709015023249457
-14.058916829959893
-21.3537449392543
-25.08763427850194
-15.623758112131748
-21.031276647584892
-19.56473025123451
-21.95538862185689
-15.117995307603815
-11.425761832382051
-20.046960036819662
-9.624887735653752
-10.263328724377494
-17.435472687966193
-26.828738192628858
-17.47963057283446
-14.329742653357645
-28.537540673126703
-13.550697608325248
-16.011280897956414
-15.350628543467119
-14.17642751238462
-17.518685002565757
-14.719613026069016
-23.682121915806672
-33.95471354951858
-20.80776877390565
-40.0063616923842
-20.94113138149966
-18.147270921716917
-12.315888691626784
-12.359277015304245
-13.403869535388708
-14.802452478960769
-21.980411777318665
-29.768038922648905
-8.16057904258074
-10.858932661802625
-22.28394900928023
-20.022163117317056
-13.79961323910141
-25.09416865705321
-16.627794208961216
-20.48540673422665
-14.304991305370963
-11.95457451293127
-26.98264170690556
-23.503077374308923
-17.851736495340123
-15.760041161906628
-13.805116208258319
-28.808394725864677
-11.64464517489337
-17.22891368911177
-36.19227244238879
-14.428465945648686
-15.871338355086692
-26.61112456447309
-17.077454707570872
-19.170615717637567
-26.20663593620153
-14.573453907562872
-20.035857152024807
-21.77160590506346
-20.46392808389207
-10.649343378057017
-15.236433822684088
-31.600328429658163
-14.35960188723004
-37.612049531190635
-11.399439347207508
-15.084284784500777
-20.920781213133928
-13.291859051375628
-13.839909323117915
-15.241611690427291
-20.58940814575293
-20.298881357349707
-14.140608710740693
-7.326960877472032
-23.149403035069092
-10.352842657336742
-8.567019100456175
-9.007149261811575
-10.908180708034472
-19.37152171391251
-15.954433910423713
-22.876019990154614
-18.91473721973713
-13.828198400854617
-14.198346400091333
-15.560978445519504
-13.32462039091955
-19.721353589666208
-15.006586710200393
-13.371201026605991
-12.41859514955722
-20.115975999742002
-17.372580997331706
-10.10420801631657
-33.40873415258225
-15.39659012839049
-14.847857540537614
-15.903604383073533
-19.009107010997052
-39.443360599400535
-22.906191523704194
-19.598424897728396
-16.764323138899982
-24.991530790260107
-9.102943015587988
-20.45028342050195
-19.391005504914002
-15.107268026057692
-12.857327282989981
-16.42038378506031
-20.13722535249607
-9.000602359525223
-19.244153180945883
-20.984467382885367
-17.618223082290076
-20.85779440756327
-21.704261732849385
-14.884922027104802
-15.024256258519287
-15.62965749372011
-13.15469042452035
-30.314559265998348
-13.638147125661664
-21.392682953281764
-18.299564196808824
-14.385150862153726
-27.426450985305415
-32.18366165478669
-14.869331417128617
-29.074158192860043
-26.41103832618087
-19.968632297966092
-18.23985257643215
