2.2693381870019693
-1.6161185459062009
-5.744266549791437
1.1758147779114587
-4.65882801592761
-0.01344092417456972
13.700822849406153
-0.19624270540092398
2.500738108169228
-4.538150212165435
-6.752498196853521
-1.8751237656496487
-1.7767684288156422
0.06361927610042817
3.6149026540726177
3.895114402968617
-4.024330371128803
6.094533435636388
-3.445246646394863
-0.2075903574933609
0.8212656499995484
3.8927148559551905
2.6494602102151212
-5.601066285786013
0.4870788358619375
-7.965429774365366
-0.6093844423395139
-4.053006334697799
-9.34274614564531
-0.9883520291595908
-3.4926173146181174
2.5385327201345653
-4.455327569592048
0.41959756900956746
1.0706187475066886
3.216366732324893
-13.37925494136732
-1.5644675634869722
-0.12867038903009437
-6.285364787138601
-0.8350672219275019
-4.031945052765419
-1.0360463943933056
-0.43132924548062485
0.6891771614811149
-0.7512643426330649
-4.482679799517757
0.881279041119742
-4.131372490676671
2.4123897876436304
-4.005224758465735
-1.630120530383178
1.806456678353801
-1.6055562000968342
-2.0243537718650835
-0.435854195205788
2.730308232315752
1.4680387531668226
0.13478297467450526
-0.21823695830235024
-0.2391442444250414
-10.682893024706692
-1.2503208257733038
6.100709038036874
6.837624677237205
9.84039272210908
12.255075597697296
-4.437773565398166
-3.339207645298557
-3.63836534183697
-3.022178741188524
-1.8625712622810924
0.17006277696714223
6.79413489117464
2.28769687125645
-1.507100248078555
-2.3673182054536945
-2.794397771629769
2.6714848321439937
13.822437316111202
0.2726349578088576
0.47516435831969495
-0.28453327871649287
-0.7771617267052345
-5.046008319988863
-0.6405793268495621
-0.8277288474895063
0.32413738198137887
-1.0595243079178103
1.345559981295716
-0.6385583592775002
-4.853335165334435
-0.1545300683016666
1.322907655325965
-2.4610609895475455
-0.35048432203565605
-1.4829501791512882
3.0204069631130768
-1.5024766018622315
-5.718272455406334
-1.2908118881038675
-2.375176702934084
-2.4312561326589224
-7.4021685467971094
3.908686731847358
-1.520387716102769
2.8192739950530656
2.550553939972825
1.479102201299476
-1.5412527506254419
-10.997992505282848
0.06278481539171789
0.6033722283545527
-5.256656864310035
3.8939490845951727
-0.11441423835188358
-0.7433890802527996
-5.820253525824727
1.1788420658717569
-8.307119041880402
3.168501126771504
3.1236480558483724
-7.084480196517297
20.32142814698607
-2.857068136973257
0.02352815627025818
-4.638219082182077
-7.269145834337734
5.170479125328331
2.7463697914173024
-2.320119421402193
-11.978504636772485
1.0287818085722744
1.5915879179518488
2.1009590540118577
-0.3839392952432387
-5.788413832657346
0.3897799798685361
-2.590751805701148
3.969345583434746
-3.1585923883739735
-1.938771766695267
-0.9384053860091865
4.3140145912928425
-4.068065201497127
10.28988995314555
-7.569494857597538
-3.7778528244758056
-6.400573190876041
7.880863565567863
0.1640328536469977
-4.993414231790386
4.6842229396722495
3.1739311497158122
6.204047926277372
5.156808373741198
-1.3076896426742288
2.6497015101470893
-13.279110007155468
1.1241836750387715
-1.1227685590458756
-0.8482969330456649
13.381056270145235
2.2201052366301623
0.2948513812880583
-6.226988280538332
-4.837278627533734
2.6016946640091656
-0.746389081836941
1.5866799902508135
-9.083327521569716
-0.1950793057801747
-1.451455205823553
0.8004178903652337
-2.9390520919824006
0.17441996237602686
-0.19784188651454399
-0.20332877370296376
0.9697167825698625
-3.1764235845257236
0.07571826487101718
-0.008182526320108297
8.424820310423033
0.16878122051653505
-2.4951706880447757
1.3917718832742165
-5.019228076166447
3.93749956482566
-0.9946866003585015
0.2600787246970241
-2.2223118696971658
-2.165500439147501
-4.862456223080504
-0.8301609994146101
0.3951562733086547
-12.638550199879115
0.30284900323808406
-2.100406540855053
2.743881233821026
0.5640632483047635
0.8730268221852061
-1.4484529824492876
-3.3703566182693754
-0.6130627784785899
-2.2731146141047844
-4.30142189917967
-0.9122346938668734
-12.300346954397497
0.6155800692785612
1.2853918875057435
1.796690288118253
-0.7743284109004563
2.2448812859390777
-6.698315180729582
1.1200713882251865
0.6894674892949781
1.4337808211548217
-0.5668069047068008
3.3958730085152005
-0.2510987155620253
0.4052962480507134
0.6865666475271869
-1.7490193221664136
0.6422045014665918
6.389017401994743
-10.123254198143412
-0.009749597985067193
1.7317495877733626
4.3107013516756565
-0.5815772328961522
1.7475450837360733
0.13953248979336308
0.06125808805843636
-3.6686068169025523
1.8590235419695755
-0.047500785407426
1.4474381849833293
2.979918304879398
-1.9803937155989029
2.4566510358695255
1.0536760509705714
2.810395435971996
-3.1803212901243514
-2.2456194079373826
1.3007082997907
3.5628526800070683
-6.490634920693148
-0.2885516897973802
0.30191591157958964
-0.6912147879514445
-4.549800463904543
-2.944017041412472
1.1693215638849375
-0.060893162002584766
-0.9812433196407974
-15.58950926316744
6.1024817581215665
3.290428495049759
-7.359593512761043
1.7749414778850383
1.3723832436201528
-6.356200951604738
-2.646448095108489
-14.367256680359295
-0.6288796954518607
-10.093461866504502
-3.8587807373049725
0.1518501193182526
-4.795318773368122
0.13953742017541146
-0.42504424046201683
-0.8575526886183711
2.9299861152038043
-9.042491121376834
0.02520614733552773
-1.8542418237969231
-3.621843403128396
-4.187247191514673
0.22354935492010358
-1.3634593812927753
0.006888203296400164
-0.6688372554186671
-0.3156713824592606
-3.8420979259285355
-27.46361742967606
0.09147443236358137
-0.341246719900497
9.168207556035034
-0.1808850781871879
-1.7894519860285958
8.590294101636685
-7.160782005422006
-0.7794940421911292
-3.4820078656438267
-3.6383405719974524
-7.60268061584397
-8.175730314293991
-4.6827602635218595
-17.349098404298214
7.165762547506304
-2.232524175739562
-2.669720565472915
-0.5095316084056128
-2.1630594519193482
0.5153901028930659
0.6956153388303375
1.275604546364236
0.21146008193532306
-4.649223232858671
-9.25986276645337
-2.0183599276646595
1.633799382070964
-0.16435266022714612
2.881806010867157
-0.16319028247673917
-2.004715026163702
3.1033448074318253
4.650640984250349
-4.338807155458596
5.906704925749473
-1.1704286847429102
4.218494707425139
3.144748220567035
4.014541481260215
1.7433535545865728
-1.4395121887367748
3.5891157630999277
-0.5016983795952775
-0.1838845022782319
-9.94985117990414
0.7437024669562853
4.0023848315788495
-4.662630345669022
-2.7868372322525845
-1.5586265296040207
1.2195512521450116
-0.5950095563767593
1.007614125647812
-7.661981179565059
-0.2861926282285444
-3.5588559394410484
-2.5759254711662734
-0.04507005970532496
3.805359469496279
4.230501219874847
-0.9169112483940878
-0.2549175206648897
-5.319518192924341
0.9283490219027057
-2.9235083446299153