-1.3360594914395347
-1.535367799147898
4.252913140236602
0.14459951610137622
-5.445316912044315
-1.0341255291290978
-0.8601833941342139
-8.042564570984661
-1.6478142835164618
-0.6280842050280261
-6.768922165554727
2.985483285766184
0.17488800364754745
2.448508811313793
0.9096669295593894
-1.3336166163023608
2.154523562668744
1.0252205063548778
1.1128535792341487
-4.633914707215272
-2.43169508054166
0.703963672836454
-2.7183289908730472
0.6873164922944901
5.061245807786017
-3.8208483105840125
-4.920980538411035
-3.017229919665015
-2.5999680698550627
0.9179671821123848
2.4292074150264584
-6.2261960298694685
-0.24904702995233863
-0.03036897406218686
0.5383819158636914
-2.51700272222151
-0.045074148065056496
-0.1660399051551465
-1.06446257783356
2.8273933781252416
-5.796865851114377
8.333406831147833
1.9520611585378325
0.23274460192384838
-2.396738057702707
5.472967105829629
-1.1415119769953666
-0.03645889288671912
-4.298143349045132
2.5889807910907368
-0.947697906516616
0.36041138198235756
-3.289946543801214
0.9379081491065471
-17.040453839870526
-3.581876909375086
1.7951042544072147
-0.02140003396803849
-3.250080411517645
-3.405439743482127
1.7073744279702312
-8.181922873277848
2.1304604954884994
1.0001370441319462
-3.0217092047540457
-8.898559882347755
-2.6390458936807732
5.322615293594615
0.14938969635890087
7.079256046622508
-5.091387555967965
-12.176108040230828
-4.448461592039524
-4.553686990626357
-0.6095523078489473
1.4509863459375905
-1.3675558280938847
1.1332364320574775
2.325151812000686
-0.7702464124279299
0.9033169405273068
-8.098318382938102
-3.3835147685203593
-0.36786757540393106
-7.032586311445912
5.401250752002952
3.43181594231839
-2.0741162416387127
6.6511225568768575
0.21672412642452282
-1.2811766505485267
-0.21858930945363353
0.22563918225013274
3.4340906141982717
-3.12064647926559
-1.2890833568356876
9.940339284853435
3.8468542549436315
7.251289181775588
0.7857035276311227
11.013431349156141
-2.7847658858806446
5.405702608904241
-3.7211769804620953
-4.154871858564487
-5.894480140885754
-10.37470224555419
-0.062353314189819334
-2.3695217110331455
0.7691867198543407
-0.8909120146820457
0.37192743905122655
3.885338992870193
3.1354750225277033
4.52054707531855
1.5623401933753183
0.489105240634823
-7.516624970580123
-4.311226370397803
-7.520088877812288
1.1921391694642618
-4.124330784898309
6.513742854625205
-2.9731656343700497
0.5343175287988171
23.929008672612948
-1.4649040790067753
2.2990792178899384
-3.0346604548592606
4.412019945143726
0.08262828614503688
0.9034971454375647
4.711083228759803
1.5340097596532405
-0.9078210519538713
4.394010400220971
-0.23893470048844168
1.126446167032124
-2.5005095223613054
-1.0396548294806158
-2.2007046848188483
1.4999415570899923
-1.310932034862104
-0.34529291018416086
1.1183354962174807
-0.46586737828594477
6.505894284469585
2.0255900550506745
5.5263918474478935
3.1344110632085025
-1.665187789359782
-2.073413336626084
-9.122474029035498
0.36330878721515947
-0.5481950456897623
-2.169956149632426
-6.096681406196156
-0.6604356163356065
-2.5566240452424127
1.7824339435723957
-2.1966440817271433
1.333538547017049
-8.009881061459089
9.513826102395724
1.2945693721122535
8.483825104468913
0.7057003978745653
1.841263301757466
-0.06907096959644024
0.6259085886743581
-3.2098037346470667
-2.6983330360687994
-0.18551445796766658
-2.8514755532679605
-1.8553603689326699
0.7621360566079336
-9.377783912947526
-4.725837009589927
0.2284796999511936
-1.399030560513237
0.03739295370945389
-5.244373741612726
-3.2771061370131482
1.740661439522722
-3.5193772555011638
7.633829610301684
-0.6012557478844626
-0.02753508477779313
-4.913825875159716
-0.018243227862510064
5.69739187350381
-2.5514252186012376
-5.745827243787755
0.34932412365281257
-6.1463316331729505
-14.638178535961632
-6.8221438300265325
-1.0119761128689
-4.063407249158484
-2.7881108262724434
4.811676054387682
-5.036616064851611
-4.040659891125411
-0.04736637238953745
-0.5762740632263996
0.3282979244823786
6.819839876521196
1.9071891940230636
1.022978196536403
-0.5986145670687727
4.680616472437749
4.095013270646619
0.8938613950329065
-8.590737874449466
1.2264711369525028
-6.127997483131195
0.11857417214682733
-4.23548314430253
-7.06739170340812
-4.936987275037833
-5.076677962519705
-1.3571388336648593
-4.057258531368542
-0.8834957806227346
2.978661973703648
6.838952017496456
-1.2601435393451854
2.1375620042939953
-8.353857532569723
0.292403034043775
-3.8709219911702224
-0.23241769215313152
1.7863991732444024
-1.7341970581702888
-1.1885522718607624
2.890832756813514
-3.682942478961646
0.2727064865557746
-3.648097806054323
1.4719222141941348
-1.4618801657869895
0.15072438796249743
-1.6842775128103344
3.8843734913997405
-3.386716439692667
0.9511851647723211
4.083952325251929
2.180303490902777
-4.03676378964314
1.752016733575509
-2.350075266203781
0.8300740183374584
8.817250455274927
7.17027558565385
-3.6549126512084134
-14.142697184864168
-19.447430002510934
1.8341798774956422
-1.0485935862050166
3.7482393015613074
0.018969850044509046
3.5185891135853433
-3.0891676911192185
-7.493614850230049
2.49189533472127
-4.753344483797522
0.9812959827610317
2.362742062351433
-0.2324606688678314
0.4126393336843156
1.1917401868818036
-1.9521530249958756
4.450341522279758
4.066076855674764
0.041954148636567434
-1.9668120199113905
-9.352981701770192
-5.2849647811109115
-1.1294719469629086
-3.0773085482326983
10.59969550307817
-3.480353765034673
3.38324361662029
0.5181505413590948
1.3413668438381292
7.11587453809133
-0.8833344154626523
0.31996611874655967
-4.033173386896344
-5.293447410360912
0.559337859635034
2.1819853138047898
-4.315751340721488
0.08961375306101005
0.7645759013762383
-0.8093290763719558
-2.8125913320159337
4.121993363710595
-1.1857265202794545
-0.4865168426308459
5.886120191599948
-2.561520420410797
-0.6766738137330461
0.7510023562630712
0.18641347911054568
3.308884176892177
-0.567519506034498
0.6037588998866419
-4.115405965242387
3.0123031458435876
-2.332540992679808
-4.759964946175942
-1.1255498735396323
-0.5049879019658783
-3.302253584812771
5.202776930364757
-9.04364718092327
-3.8674622239742833
-12.98222393054326
-0.699235440467096
6.597757986636288
2.3527077321276715
-6.925632036336264
1.706830478202071
-12.253697179645998
-3.5869853566835093
2.4431254736707158
-0.7390842134542979
-6.103058434014041
1.6134248913899478