0.6521466023106971
0.03189627542455703
1.9569858929109527
2.158281708647508
-2.9742466129703216
-2.425456051015103
1.071304180884542
2.9509700135211263
0.23390383210630483
-0.582081940749016
-1.916986662276654
0.5715375995246654
-5.550666120360518
-7.761865192803831
-2.7903690478943086
-3.836501750075352
-8.504015994883215
-0.24476277723687148
-3.534214490208852
-0.34146855502473716
-2.1557779133032335
-1.5463588815007765
1.1575218297605219
0.12300440516713386
0.8750718866509256
5.457072089746423
1.5705880872451483
-2.8301652880075325
3.862840881773646
-1.4179257493057165
4.907065904387508
-7.074872882360688
-1.1508459292480735
-4.1826890503500875
-2.9196409432936363
5.006726829914557
1.1150843914118007
0.9245394333994648
-3.1286550624578915
1.3105025934659942
-1.7991617682441603
0.8821643101143739
0.10452533028994267
2.4381261007525765
1.4756554305286858
-3.5545128755909876
0.04702273297335355
3.967489181872739
-0.8843757713663343
0.012599546903613701
0.5701627709924164
0.17860185214351504
4.8227305218363
3.1189001800061313
0.9375261509059346
2.7103575221462535
-0.5850277593153393
0.25199515940347283
1.315931528888727
-3.3681876108840796
2.286647371493215
-3.045640323181482
-3.3756116087964307
-0.2627642818731667
-2.815638945257534
2.4930687959116855
3.7584571915055185
2.229934301805522
-6.89237558681312
-4.11163187375229
-2.0818833180662852
1.12357148625052
3.0520007205546227
3.6896686724080086
1.8133686433246863
2.0601591007278772
1.042776093170114
2.9639257847852734
1.3743810664066285
0.8374970016298438
0.9345395737115353
-0.0005975105741877762
-2.1859178911947823
8.190797642184641
5.316756778749664
0.5647717435608672
-0.9180172450674137
9.471752244831206
-2.50359624749486
2.15228502391197
-3.602037499733994
-0.414460589917508
-0.20963618122879435
8.09041847946047
-7.294113807088758
0.05055952231107821
3.685591873185272
11.185283165965387
-0.9535024923753719
-12.288045207712853
0.33239378497418337
0.30283568959599205
-7.672975273820375
-0.21110621477143454
1.130621028371361
-5.596184900850944
-4.714198699721363
-0.15556840449195547
4.664674843325697
-0.811413339836722
7.3706078823048005
-4.5089351506914115
-2.909935047729375
0.788538894606094
-1.7262856590975733
1.3833183982212334
-1.039481960899388
-1.082922827614279
3.6232009664778917
-2.380478207256431
1.2677453709493853
-6.258096614945086
4.079452352710935
7.991200685522228
-1.7386025430537502
-5.819564794311356
-0.0049506578834030285
4.035317748037493
1.5748994127909106
3.074077433318975
-1.9982253710365885
0.5002933792783306
1.3693663644671203
4.386333895731851
-1.4071229476471339
4.91513451253365
-6.4788237756729945
4.466467957693353
-5.30305930582998
-0.3359069950295698
-1.078883468345328
4.637645664289968
-1.983458791186837
2.255205835895318
2.800393210465364
-1.614472941541105
1.9640262163890805
-2.0198550318999344
-3.5039462746386376
1.0498708184217735
0.8614014356148957
-2.2027408875202004
0.7178341820975231
4.631043492055654
1.0908214652835797
-0.43201420417506586
-2.4296415040584622
-3.7956982539624358
0.415965483874454
2.6355527271246655
0.0013257834908401156
1.4365226360384347
1.5939742832013928
-1.3527666435784413
0.8241921884491148
-4.590412466391134
0.1520610510449747
-5.119955606079095
-1.3115305580048524
-0.49936642287600974
-1.711938173844703
6.575653534770048
-0.23181608410139498
1.5411383378427728
-1.5378130352135353
1.9355326376214652
2.3136669986174407
-1.4560374658172077
-3.09796312255612
-0.7200222556226045
-11.05938001327611
3.801498069346742
1.1451019892279406
-1.782458006328076
0.9652858621221891
-5.653158967369884
-9.371612197492912
-4.009921223328675
-2.808342536297978
-1.8013097144741899
0.03910526231865774
1.174357260282994
-0.16418431350601836
4.934227066406591
-0.30341870472109467
-4.982923422178441
2.464805634569054
-0.2235895378455426
-1.1348655557096885
4.54756968048772
-0.1310061026669609
0.25058741043386146
-4.75335949316167
0.0806702261208121
6.232136584739564
8.106307280537102
-3.424122797543413
0.071566467553076
-4.020940988263992
6.90378970876781
-1.1430791266498463
1.600853338494026
-2.267351039273378
-9.274153306746546
3.8799235001345984
4.192574806042658
-6.905021632884896
-2.748156693998735
1.4400003560700234
-0.5813289258147014
-2.466460637834528
1.0780469448603986
4.575314078236945
0.9729343410247725
-0.15670733558546854
-1.4046065615051024
3.7756367430444553
2.3897756833530432
-1.3887466029329656
2.387788757423404
0.2648016598751894
2.05494171183051
-1.6004993075975873
5.147801241833342
-0.8454571731818932
-3.2885661825626546
-3.194080782587986
3.3987216940134304
-0.23787886754347043
1.0823834745319063
3.2740398792636807
0.003945581046411517
-0.019302544390510726
3.6299583803714426
-10.113878097613144
-3.1424110240399643
0.2235163866473913
-2.5909198701697633
-0.2751677756137225
-2.42974750774464
0.6513406777785087
-4.770652288666671
0.46987316283171787
1.8237839169669126
-3.0899945935211734
2.028005929560485
2.1858847031143043
2.3552089720694824
-0.11355348669835008
0.384490877494172
0.43652675569095356
-1.2120888666945318
-4.363335328650541
1.5572512854653464
4.985305309672614
-0.3501568749767495
-4.982226352361038
3.2502971560273917
0.49710101826703074
0.49003626520024357
4.707108670109849
3.8033435989665363
0.4151347561099747
0.7681184601518496
-0.3882641718923311
-1.1069503437104597
1.5510709578224435
-0.06957747608928058
0.57438242242332
-2.0894067315637277
2.4354375525043284
1.928046455968529
3.064285083373288
1.5998806334662157
0.28911014143566516
-5.434404671520732
1.327585779181111
-0.6621914567756084
-1.9239447411057484
8.270407924434107
4.874625890019926
3.3396740146715773
3.6740933660664883
-0.7766142284487172
-0.4149371054676687
-8.61838288400783
-0.18110870544067226
-4.55539208652667
0.7951662335912872
1.0490152029446669
2.476180299904428
2.8889732440298452
-3.2728159106994057
-7.794080532987687
-4.637354417581804
-8.522086005609705
4.634800546361887
4.468852737887439
-14.325553973736664
-2.364060546548382
-0.2731613119505951
0.8387170830752525
3.2929123906753954
2.8144876354814112
1.53881544224702
-3.1498350503348296
0.36403932069988343
0.066119929218912
0.33138383728857757
2.3726691656953585
1.6078574084856527
-1.6862109310402695
-0.11470846798455558
-0.7682520690131852
-0.804806249389119
1.0835578457227284
14.626038041013967
-3.859573842791352
-0.03534896212636811
5.310481944205525
3.974634776908756
-1.7785754395739484
1.007209215021811
23.059391583025853
-0.869752424990786
1.1349082047818275
3.159220646371646
-5.402736482359729
5.7286750781566935
-0.5478900275287472
1.2456107323311914
-1.821245868999082
4.087890641743315
6.500586840845789
-2.4111102177632584
8.399070952542218
-6.002766775801901
-8.591995135736344
1.6452502122512156
-7.723027226326608
