-1.5881892893812284
-1.4233371596791702
-6.722955865130168
-2.6030998042553715
-0.5171441919843273
-2.315637890031377
0.5281310589783207
4.970560333192188
2.2682658265520006
1.095947859729373
-0.9616165497922087
-2.96729180497769
-0.32876310178770407
3.3062269550488383
-3.0201358751205305
-1.1821926267971588
-4.364021244939986
-0.30338238136427204
-12.978429035000559
7.313999544520506
-0.9651114753748632
4.201963110255232
-1.1431549345285021
2.9631843057089293
1.6659471058501207
-0.809895349715293
1.4464947576247156
-5.305882287856528
-0.37452988195776316
-8.839098491684247
-0.0090564618983736
-1.2145454436527077
-0.42819034081729523
0.07115602989233002
3.7033561460716977
0.28129572195169206
-1.2876554322532785
1.572063403757763
-1.0961146694325614
-0.8897603331028192
3.839239943449917
0.26205898321619936
2.424732352977869
3.935035632616909
2.145103671226347
1.8364913509511165
-1.4374899516135136
0.030630187704498435
-0.09399746767298256
3.436436134585273
8.040055592248704
-2.761401073545181
3.3045319882288515
-2.099193982222097
0.8352430054996394
-0.30588529071160986
-3.1319752024803647
-1.0834609112088889
-2.9252583703227226
-0.2517828543529814
2.613656888661393
8.053666395496313
-0.6315531220942281
4.9592166023164115
2.0510244271513605
1.39571889811103
0.6194709470130108
4.330875847255562
-0.8242669629714701
2.3019899697833366
0.12498878647880793
1.7307699974570592
-1.1428658819988626
-0.9265144987176741
4.453716944826682
3.4114064856789246
-2.9729608403240815
12.000975622500425
1.5134785447443424
4.996835152700957
6.826968335840645
-3.3909501106746647
0.0819177283911603
1.2250870725509606
-2.926785125265579
8.158195956930308
0.06955357879199994
0.5074595239129538
-3.031068952882107
2.4676856589185965
9.098119647896642
-2.8105929313100724
9.192160617878677
-3.090928302804396
-1.906762675194485
-1.0267704394692752
-7.4250959080607135
0.8238996340741275
2.0840545338095358
0.43805833967651486
1.7234160357626511
-1.7166670633330434
3.1878516291479064
1.2791103549988578
7.962264848564944
-4.000135950304519
-1.516082497244592
-3.5553932251774
1.7813083083175292
-1.0566823956683755
8.922095892227215
0.9198515458890106
-2.915777306279491
-3.682042276631712
1.0012580559222233
-1.9178308141443068
-4.194496984566175
0.5849494968769534
0.9423863397143926
0.08203962696518048
8.49675756821155
3.6502995612429396
4.468537682921208
-0.0268267921843123
-9.332162697596232
2.880234305949834
-1.2691069140999598
0.033423595467908865
-2.7553924739223423
0.7535867036582706
-3.708185416961059
0.8824621924166594
0.18888154803098325
-0.28237863729387924
1.9398245312002997
0.6070918875467111
1.4217816266638499
-3.5695671893481107
-0.5378987658394649
-1.2619140891725396
-2.5846973502290673
-3.1418029178051707
4.422471956724222
0.18975654592103594
-1.1705512935294309
-1.200702945775397
0.7446409882930649
0.17547442469792318
0.4538547936115388
-8.03749132034269
-0.6141217049476517
0.5325882983360852
0.44404087340588444
-5.152075000630669
-3.0339076217484884
-1.3423522544562598
-1.356443481091641
8.379318015140184
5.805058077755535
0.20326944893112775
-2.6151103218997593
1.5708311271957618
-2.5938250525502795
-1.8630946335529028
0.9428618758859276
-1.8206833642972347
-0.052139398726209235
0.03685951585732919
1.1603514709960334
3.239835003116564
1.5397875442379554
0.4881761879615534
-4.424385339915948
2.1718926811549357
0.22353708195711797
-0.6564074560398513
-2.576534405419718
-0.0728981718441809
2.895875265441618
2.805029076604089
0.2380132218036863
0.2898569114290226
0.2994197780711775
-9.435002509900201
-0.3188306653473804
2.5743682018704557
-1.5303155754040765
5.359534544013272
0.10003979181607307
6.70980722093122
-2.4914391109509184
-0.07945449937923044
0.7545398266071464
3.6677918151232705
10.650497676667019
-1.102005712822168
2.854374903852266
0.72568391662427
-1.8010655785331717
-0.3308961103689658
1.3297052251267132
1.0868969576011538
0.30676509931849116
-0.6654346842778689
-0.013380910876695462
-0.09152835178570481
-0.17229054550313308
-0.7474001678452638
-1.9261361617420716
-1.5712575518864353
8.325395135651059
-0.1145282027075783
-0.5843666917407107
-3.580939518609894
0.3336883534664301
0.8379871501897158
3.1526122924411295
0.20607349043527234
0.5237598128283006
0.8333955680079854
3.8542840157053293
-3.499957348400102
-0.20609325395028288
-1.077191814424101
2.186922203931525
-1.7537318033281943
-0.39931476916056874
0.07008655969705124
-0.04491414606506483
2.3874362017206185
6.366884498834286
0.84620433362564
-2.5670101742510036
-5.988598851669585
7.197459848580591
3.622282793463308
0.531733761089525
-6.86089004521063
0.9914933768135539
-2.889230671588158
-1.0051891097337546
-2.4654510031373285
0.8220978123246482
-7.13583426638676
0.2569787610264831
-2.5254040066763883
0.6402972970622013
-2.330260666957996
5.07754312316307
0.8101030814963242
0.3733260776366285
-5.9362543214153005
-2.3724720434268063
-4.003092253501574
-12.040697609945775
-0.10165394851130431
-5.753859827414327
0.37370739197508446
12.270512816815577
0.6503185936180749
0.17906635282343886
1.5585201306033951
1.2623887544284376
-1.119220224498855
-0.022436175815421486
-0.6927764816840584
2.9047938810636063
0.44941989335765925
-7.102790462187296
3.8052135989968408
-2.2704890533270823
0.708228079098262
1.04812891224325
-1.2095547936025066
3.1336083319977366
-1.525780047820642
1.258289349607625
-1.5133356238279405
0.21796529268193016
-0.3440375060333255
-0.19140929167752418
-0.6034539264156181
4.17947768660838
0.4811824199397518
-3.755993312590814
-0.7296516677969905
1.1075550118103328
3.96350103589964
-1.8335128060611123
-0.5389011472607118
-7.55843509641968
-0.7902204522524152
1.9672227935085136
-2.110615387174772
-1.362083079617818
-0.6815109389826829
-0.15250465030125465
0.35658189676218777
-1.5880205720530718
0.19530389263147893
0.2630198311714643
6.483434979309971
-5.2406826863555
-2.9818589957385315
-1.118735585569151
-7.424214656210058
2.008083996840766
3.3156690288608064
3.278697225716086
-0.10346426923068586
-0.18529812087657194
-0.5102328918155626
0.5236997216551325
2.447242880852532
-0.7497275930082673
-3.6171935965511137
-2.830078763633977
-6.0633730789439895
1.2936732543587386
1.19167563415165
3.642868609029395
-2.657278827097576
0.8328109108395294
-0.8684546502111559
-3.575615947804101
-0.3030219564541771
-0.11370484626646007
1.7523171338221994
-4.689660372341175
-1.348215846941208
-3.438616405381584
-0.03454781406590557
-1.0588493063234643
-0.7839287078235795
4.395237025059337
-0.18464831896470413
7.205086349574444
0.8929920656351926
0.642560736398971
0.5015732865192167
-6.265886552034784
-0.28854895551400417
-3.163862030567318
0.9013159309297603
1.0613251698648254
-0.01724396356352722
1.0632345694870737
5.057801248886025
0.84915887041687
-3.427757584232999
