-0.1356375717493732
-3.0447046311958332
3.6549762643219754
0.7176772953660049
-6.49582623725309
0.77459879097293
-0.06039122340834813
-0.11947549369844668
-0.39084949510810596
-2.3177261115748933
-0.884189874025315
2.068997536261558
1.724233684670072
-1.467925691493766
-0.6976096353931749
-3.0786949596073914
-0.8382081976488489
-9.155795424248579
-10.177160392605126
4.9349493295188
-12.697320337806184
1.8721871593519732
-5.568012967549321
-0.9872537007782711
1.268463005530974
0.6663856428240384
-5.540335240269354
-5.284239297648115
-9.328135788780466
-6.835452745023756
-1.6027604258412118
0.9080609081126889
-4.004342351101281
0.15849741611610443
-2.53329479214445
-1.765486606343481
-1.9135407202406765
-3.6859304652436875
-0.6211178845737857
0.3445568164818737
-4.275231858769421
2.1113834869073034
1.9425694846703818
-1.0176608287765698
-0.4169412662725368
0.628073945607489
-5.025588934891758
-3.6942686057354726
1.8201065683831419
-2.4686320856388644
-3.1034023031807734
-10.391493497719942
-3.650469602779912
7.536522279897878
0.9989387255007135
-1.5011752404662884
-5.923836750113993
2.0812551444128475
-2.333031584612232
-0.5021734942181423
-4.940552925929602
-8.419326635571727
-3.3983140439205317
-4.937765839247262
4.207082528097099
-0.0484061437021754
-5.760192410822565
0.44525231120819686
-1.9665204502064382
2.709866635982875
-6.396852739298543
-7.917739560575297
0.10210808746604769
2.714438145817593
0.25114392412705194
-0.8296057213689119
-1.5850906080279767
0.016778667446533377
-3.761526368565535
3.9362596213196808
-2.6148456626780456
-1.3047426862270324
-9.643698373564236
-5.096545321915543
-0.036523068421545235
2.0733006069258844
-1.0069941053213236
0.16098557304681593
-2.065822800364764
-1.4439369043758012
6.1930141636803855
1.8982964681391519
-0.46744883331986103
-0.6296258809029914
-4.715743795698448
-0.6612617493419887
-0.01999116706790481
-20.229289121245056
1.4288450549046339
-0.7637946756704584
0.11607103784580708
3.0847296250368963
-1.0502360001972997
2.007449692174355
1.2529988185128125
-0.7872671467457727
-1.23874207436931
-3.5957823820363317
-0.8009335679850662
5.536635324351788
2.60593744351577
-0.8539050618276867
-1.3445156903624207
-2.9775383146295695
6.032549107000535
-4.6230676831766
-2.7029048528133113
1.6963727538837001
-2.0304400074630684
-0.1621483650877456
-0.25995800576655737
2.723241867214677
-18.56070460192007
0.5156850348346887
-3.5478666426451664
0.006839374625792871
-3.0834711129297796
-3.0432630311344244
-4.434526667395152
-5.835592247480273
-1.5583795510983272
-11.40288212453592
-2.3116532578044704
0.9681917903834423
-0.9582020296461012
4.4593881635256025
0.20996867579973394
-0.9153105348865644
-3.1545808327408604
-6.057736794465334
-0.323484054079854
-1.74017154444306
-5.656002797614993
-0.5390402840084907
-4.860902548443056
0.20159923663063745
-2.629762373856245
0.02457598444347065
0.43930331689033364
-0.5155171922426444
-3.643859482667128
-7.62198615239002
-20.889473594116037
-0.36142280752133354
-6.186950999068479
-0.05891453000655175
2.094965977202648
-3.2131523705107043
0.19218985914415315
-4.455241381724107
-1.3513806392321714
-0.6937007410797141
-1.2596659798017464
-0.3999154073579367
0.7720070155762482
6.142288622593919
-0.7277050219814001
-7.994909816690118
0.6359782745421413
-0.1845848414190444
-3.0058102626360443
0.5596935854897356
-5.104280980163361
-0.48762753013510124
-0.6911231839886243
-4.284209910471416
-1.3835515662771296
0.8262586578695943
-4.258033970738461
-3.106124636284173
-4.542569717466219
-0.05217602529268995
-9.2238405503512
1.9085306439670375
-4.008456743297555
1.3260495965860657
-2.0906683405182336
-1.6076002363523922
-0.12263254115327715
-2.5759801288553565
6.558772848410828
6.1062434494421485
-2.0775242010657955
7.945143283075359
-13.945833540843827
-1.976516796964092
-0.7848506041681481
-5.167655682144121
-6.133125198663887
8.812764901791953
-4.525807516079262
-1.30297865311599
-2.0767487895321977
-0.54824898729777
0.5425627957630813
0.8658864749020123
-3.1184229838482835
-2.3170149502551833
3.6255492402692138
1.3977618651234174
-10.169494037504444
-8.460654263412652
-13.070770892496206
-8.302410409874595
7.972235058504256
1.1118316939658284
0.41411145518662196
1.8646895101367775
-0.9894291386057223
-1.707366462900338
3.285767227551989
-2.340880363394853
0.49731954646340326
1.2187932774025414
0.6234513083914295
1.6937200656845306
-5.721159811891614
-0.6774173406310522
0.039498117907929925
4.06379552805022
1.1316923436967858
0.19470643467462662
-2.146439013048981
0.4099403308065864
1.267889901053552
3.9329516331451315
2.5077584666248716
-2.5663031928092006
-0.6200518094137151
2.0333075576292163
2.4025785176267345
2.2020253645477106
-13.000247104705174
0.8228852878896051
-8.66513431072727
-7.026554264689974
-9.276557756054082
-1.2049867298501655
-8.012682189203803
1.3377069085161584
7.149892708161698
0.3416215462734479
-4.564968297345887
-0.17450011356907547
3.478108085735405
-1.690650257407837
-6.075233825402234
-5.22109226149509
-3.694684685121154
-3.2088432682466648
-0.6258655392034966
7.994398624088031
-0.6630420235504078
2.1412102968821514
0.43558541716742555
-0.39563664101203816
-5.531365932548594
-0.690785000932542
-10.22159262922166
-7.260441102972493
-1.6153906564399678
0.15859992547149449
-9.398956308682886
-7.823260721944046
-8.292861806364275
12.097935557883357
0.4081424962418112
-0.4068109059493362
0.9305745649613768
-0.09491614828812488
-2.116988101350293
-10.139334156789642
0.05285924530663355
-0.8055402862952921
6.045463621470741
-0.8492930218961082
-1.2716472573376887
-12.733223301875995
1.7074681411338377
2.3948069825855285
0.8725951479141127
-2.2846541342739237
-7.026043582217313
8.80794930363171
-0.31941961861247103
-2.088035290709764
2.1762234646228977
5.8221948801126375
-0.04365098350221386
0.5803721595441295
0.5826885807874215
-9.046747366228095
-4.30915564985605
8.736445985289176
1.1488357470437813
-7.382055518634567
-7.8412255154008275
-3.7587684525475815
-0.6124968732970679
0.7466705172015031
2.5034687519996464
0.00462252438013807
2.8224320087753982
0.9259112714451568
-4.0393651674124635
-2.2670533123157215
-0.2330850676567267
-3.4591848557232128
1.0003074884845464
1.7879299592649176
-0.7452251237861772
-7.920369547898821
-3.6473572998274943
-3.056074929154201
-0.39100004508580266
-4.202666465225026
-3.457290521610567
3.1908573987589346
-8.402110889175207
-6.956371046786906
4.680057331687615
8.703084685439139
2.245683731702833
0.043298348028505046
2.2859994128588905
-0.9909553037329747
-3.8930788603293918
-2.68941981534949
1.4998361212410005
0.7398677115144344
