0.7203101394264164
-0.007835748431447192
-2.3972470897337717
-7.685010925461894
-0.25617397406516207
-0.8238593822028686
-0.9559146005407276
0.3653769187530025
0.05926722365623026
0.002733678940787831
0.40795338001252257
0.031694587791932856
-4.416291848612615
-0.001871748859327933
2.8043463799379493
6.56624673925043
-1.0655694351115597
1.5939572049893012
-0.10910707537153744
2.797429816531306
-0.9214543911420133
0.009714204341210335
-0.40045768612499477
-0.015089121504515718
-1.4860117746422299
18.991201184086158
-1.623288482391358
-10.794397053414528
-8.595641726962803
5.276330429093007e-05
-0.04866194017095758
-0.23753571649608296
0.14587470510736256
-1.9994729934750655
-0.0017752571406844646
-0.1095284794969568
0.020354390436955715
-1.5474997629341982
0.0238885267435336
-7.388331422690976
-1.2087727373022779
-0.06688880919706487
-0.7767823051949325
-0.0022099713207057933
0.497409470707464
0.16234985390002854
-1.2356545909371914
0.12344596636010104
5.691696307096987
-0.016475344622153817
0.020865435258472027
-0.06360317568296549
0.03213836522675041
0.19937463260695845
0.845596761062312
-0.07342853803625847
-0.009924653715564558
-2.718699807846777
0.14037463907418357
5.692160916014486
-1.8592342390725727
0.014153584267658354
5.6784103417174645
0.002222257006751549
0.1094034241043949
-0.03742042848605887
-0.10712801572622693
-0.04117457001883604
0.006459568108628216
-0.5646237398245393
-0.06000862666523512
1.0516068366323605
-2.1931723252927706
-0.01078927925909956
0.4205103500928086
-2.6406422595452783
0.5044293768271455
-0.021637027871073508
-0.0001519670649418886
-0.025563948883086787
-1.2063703737433307
1.6422095140577952
-0.23169909178178644
1.2085856571683773
0.06279757140823107
0.03713303696603005
0.764041318265088
1.534141735578063
-2.4218739920048677
2.701552858475719
0.020384901905256464
-12.154760528685697
-0.9423788679009801
0.06970004633117874
2.4509142615583315
0.15122296963039758
-0.17812320049240526
0.013879802411474032
0.010054506918130802
2.412407520152361
-5.224919941762417
-0.026696050891332937
0.04803819676246391
2.5425153031591314
3.3265605572464643
-0.05054660362161825
6.94153865244162
-0.3655889939018423
0.04307371134636555
-2.432030878321529
0.10341777334915145
0.8835452103691844
2.5372811062148544
1.795246710268004
-1.198770100788411
0.3192471334615715
-0.007666710148746477
1.229227379849293
-0.2704295397466897
5.711999838618508
-0.1151330467880423
0.053331215383791084
0.13803872391391345
-0.027358751237250522
0.02914036366928863
7.417252489747627
-6.22367587887025
-0.00786408798810792
0.11895267104274593
0.2921324457570813
-0.2862646006187404
-0.0055109951783848515
0.14390212501066435
2.2827176164996326
-0.1993828289296294
-0.05948296736782014
1.5970981556392667
-3.313480303812571
-0.1393407051092566
-0.8234548102381393
4.32035921919583
0.02221932705494955
-0.5844140302438302
2.532033541773039
-0.03246540485031386
2.8173443371611224
1.314139217241764
-1.4052537470405708
-0.028770359213587456
0.09713153421362686
-0.006587123626872485
-0.07455461718859069
-0.006987670613945847
-2.340056464005682
0.4033355247151739
-5.564587836354793
-4.392635333226737
0.6953639847959874
-0.007714678726526999
0.009929843521135566
0.10646482387203121
-4.270434944583562
0.8051037967668917
0.44996796349665247
1.1160685901558083
0.22935280997598367
0.868929001969071
-3.3513510968528584
-0.04104239625446205
0.00988958924775341
5.235830189874246
-0.00028453019023157297
-0.28228057992281624
0.24669654644660213
0.02347096035125327
-1.3891878736819858
-0.14561805494708785
-3.5356911774668824
1.937673279847042
-1.497557885662892
-1.7341089885314647
-0.0034439189868470024
-0.38663173400400486
-0.0009441914497679412
1.6578878283753813
0.02642576894965168
-0.03928464864695799
-0.7713654045833325
3.290719341608076
-0.06274906045474336
-1.849858226938836
0.07984145503111886
-0.939027614893444
-0.562454944230111
0.13479603677992297
2.0436031730045374
0.23367129003731416
-0.18065909779199246
-4.863033856762673
-2.86282231534321
-3.2397462892413498
0.0047798218866412535
-1.150879120253378
-0.036178847232786096
-2.574266425228025
0.8241328444296009
0.44262565746592397
-0.03443813175044368
-0.01622882915992964
2.7147673510956993
0.10391136176651516
1.3584927145305583
1.8806821150775628
3.8694527135000554
0.5065890846572302
0.012822243319214579
-0.11824367709787449
0.028017055914075616
-0.11118514256286843
-0.02018370918737481
2.12188096043615
-0.11632802164779725
3.3199759727064113
-2.152264306049167
-4.609060130133454
0.08162189562420626
0.043530437692639784
-0.14841158503801063
-0.00954457248155595
-0.001240148429604466
-2.441241445303127
3.358852152194927
6.379163878249272
0.19715626992472352
-1.396657818889761
-9.204366511667304
-0.015610829951700496
-0.1795301305494223
0.044929258586854634
0.7170911973487273
0.36726067845965815
0.011885970292718167
-0.01167521148895723
0.05345511249990899
-0.5373991274096639
-0.0933868513758082
0.729204263766314
0.47021349414917224
0.007053343775067311
-0.006599623781641269
0.11987199152095958
-1.53311885975076
-4.150274172662105
0.8350579290486234
-3.542839372244169
-0.039648315245495475
-0.017448376761808097
1.0158059731835343
0.32694700748236083
7.493062853145525
-1.8910406120828425
0.20418857587816047
1.7056130557603684
-0.001339475681683605
-1.7993428224869206
-0.7207052787080152
2.007007716013998
1.2401529986063058
-0.3191343731929041
-0.15910213737664766
-0.09162122421336454
1.5897027525451166
0.9604847027374381
-3.042126085812242
0.0025076885372451326
-2.765645874307415
-0.33645472955059574
-3.5433417293896663
-1.9171941986366206
0.04688417189108842
-0.4140447635283544
-0.0018740464066927288
1.0436494301808035
-1.095862036889931
0.10771619014012176
0.002373702891688362
0.696047071666973
2.5583499318058807
-5.211761211032097
-0.11193716735126163
0.06075165854964752
0.09300059096449881
-0.6083740599034388
0.007634154207640448
-0.8669206635678697
-0.001993006702613597
0.02332479016705197
-0.07220722098101358
0.004527760355939728
-0.054071578349089384
8.284866967376267
0.24771187030626451
0.6488371791120339
-3.5832190940165742
-0.3702590520137725
0.03924426849355658
-0.04316304319015113
5.149437029011997
-3.8788184189601425
4.4912758757450595
-6.5885310620488715
0.038666312415963154
-0.5079445933700868
-7.973632953776795
2.094554210003601
0.010028706041797453
3.2351010496907353
-0.274224566904281
1.6390678093963933
-0.0529903632794958
-1.3200623194619654
0.030960198750751546
0.0003077332319932199
-0.2522786538440169
2.3303039331725426
1.5850404078536062
-0.06932901859701285
0.035421107623554854
0.09863230613974804
-4.747997742282135
0.0011975057425646484
0.32886329888144117
-0.49165805492047815
0.12938278439019685
0.12882663028587205
-0.09444123768472323
0.0014046617564787496
-0.011219394238986295
1.306385475938457
0.7824367652598916
-0.5208005926088812
4.89666538567377
0.01064169251330659
-0.07529344786998139
-0.8113498039821253
-2.401349632793621
-2.1169335791520902
0.39583719613254603
0.03480860624626743
4.815924013923439
