-0.6699370065144935
-0.15223483159510642
0.5689405937547377
-0.03268920439608525
2.614218521555908
0.7739155219622125
1.558954246605262
-3.283968120750386
0.708544009893055
0.9189383859476807
17.145755929088455
0.9621865021842815
-6.6598143014141495
10.309785412656414
1.8970585145103258
0.7311893780007042
14.333986012018242
4.161351617115495
-1.3071245649513121
-3.806535076840529
-1.1574235843131564
-2.131586079562613
-3.5832195075949524
8.464919026636625
-1.5480420874651293
-2.935780216754607
-3.823600292256674
1.7362500733663035
0.07421119282064897
-0.764441948012355
-4.343987752996998
-2.814170171354143
-0.9132686956808103
-14.406875479159963
0.8143607429503052
1.8599463290229323
-4.662177089706567
-0.4555422831738281
2.877828605418624
-3.1182311480716436
-7.632152609315343
-2.9938399583560593
3.462029352404352
2.4572154430802704
-8.595890032302053
0.26852087711096917
2.4595155499705545
-0.25475167859249626
-5.824338071304095
2.3717170217484145
-1.1851402868366452
-1.2312015357206538
6.309671158565648
0.6418835805440691
6.054493163550978
1.26451355194441
2.2693196733973426
-0.5458960450383822
3.0945109325353055
-1.3218041461596393
2.697730303010317
1.8447337785574647
2.0432966178048124
-2.511254086553452
4.158352356600247
1.3885113493208892
3.1699724018190922
-1.5935029816861492
5.37212123998902
-1.374859900912662
6.667574458494291
-1.2882090140298796
-1.8391874280528464
-2.93842124352846
5.177399556318872
14.026931372046956
-0.15695687832533683
2.3155281961783167
-0.7329904147528268
3.467401517013
-0.40358981397275784
4.771418858645989
-1.2977548064670872
-0.24424069043582453
-2.5274611522201624
-0.6103478201998416
-8.4111964148228
-1.4978560137595576
-5.413607260423099
0.3705531603576673
-1.7025042406946458
-5.929547506103981
0.2489446672754937
-3.9852907235466786
-1.8784493538681253
-0.9342741663392555
0.023695747796056654
-14.197777584695212
-2.1925164806509287
1.4939694187022852
-0.8234932775187953
-7.699416339315502
4.70923296612936
0.22086004347280214
-0.07839759886636069
1.7783377694647997
-1.3624903644966095
-2.532446450265774
-1.342749895250173
0.7964681411897976
8.792132020536345
1.950954992866334
-4.792408205246597
-2.849611099809861
6.034489014663239
-0.21965034584292778
12.379028145298012
-0.6493661539610276
0.2498416327390508
1.5407079190770443
-0.732051870235406
-4.9655858684392316
0.8926336376968561
-0.861449988320564
-6.6865129364783975
2.692069643978199
-0.4560771473048692
-0.5438324720337127
4.681450815030834
0.6600870878091348
-4.078966159904442
-1.7901230975251439
-0.77223205339668
-9.393043928701188
0.45820682572357707
2.021892080542985
-5.144509167281216
-0.14502180808795645
0.6698344227566284
-2.169994514196554
-0.3754782817943446
7.704258520678481
-0.9995038007495741
-3.2520629959768046
9.759203791363497
-0.9947246399311127
-2.327552376250761
-2.3090275127357778
-7.7964321774309
7.5083544920521765
1.584364775419828
0.03513355677873723
-4.415527362789165
-0.13738076240733385
-3.534160444212702
-10.13071435420364
-9.588377073569262
-5.3885360004389975
2.9859011221991127
-1.8102373089075665
-2.297950143416318
0.2750020518176035
5.752295849241814
0.2733691641875832
-0.22359375151371036
-2.7418660709767915
-1.626217930271876
1.1562676937086769
-7.700663446025256
-1.1987662120779325
-0.3706181964217266
4.707335381549034
-1.1526018522439379
-1.3904566072362168
-6.184624545948143
0.06756592140185042
5.230453950244754
-1.406398987212398
0.14704190756431224
4.765684375930196
2.4627221787458695
-2.7580074126092153
0.7568972842884601
-2.000818988183039
-0.014218328099870572
0.2937420716212915
-7.094930782640239
-0.9003981983667398
2.604900844002429
4.17260745961215
7.114820619464759
3.2023945543697003
-10.604288604234066
-0.18336106754137843
1.1995302003846768
-2.448303415884389
-0.19846068417078894
0.24124422162542425
-0.17848830633196422
1.9056663935924558
-0.29696833592674426
0.15040819046827256
0.8568821210262926
-0.8538616737091671
-2.895197574026113
-1.397573139910803
-9.771976501878994
-1.490590876033099
1.990710776467912
5.331916700761182
8.304790182220486
8.426354940944114
3.5159746654070023
1.339010548340568
-0.833553501595184
-3.204366826779004
0.22788013061102075
5.447443118359399
-1.5641237751715527
-1.0725358585645544
0.6781740355843342
-2.1567634390244077
-5.775311958624476
-2.3807661846257493
-5.851523570301665
-3.5734684798451757
15.807793933956042
1.8358424932164403
7.149742789849706
-2.653586851197322
-0.34128827019071295
-0.9570953430797686
3.25102750536336
-5.670115905753582
-0.6095155429867868
-2.3292968548516417
-0.6682085675588842
0.6203574075697786
5.009939319401228
5.725173698125885
5.104048109885907
4.489946469713607
-9.513723252521787
-4.570496131114044
-0.01567579008734358
0.9880749545403296
0.15437315262304918
-0.4479103372087434
0.33387336189598005
3.2402079987656465
-0.5708425854570834
4.525631201256258
4.3336298813291005
1.5159922685292484
4.369238820981283
0.04199759618655252
0.5271433648562514
-3.256539097360137
2.084655206997913
-1.4587689213659938
-3.2546102322134898
-1.7903910504511975
0.3867483315825513
1.3959047757197096
17.67273606885459
-2.0190216853619325
1.719648142541345
5.400585533124207
-1.1386706270378697
-0.04070458038353808
-1.4558612694709403
-1.4968875512592845
-1.1883836729499107
-1.5069726096366711
1.0268598180427757
2.118514615870336
5.680965345161646
1.962168629498437
-3.050630106064731
-5.006265382444346
1.5667614304053532
4.381847051348661
1.5374533073766954
-0.13886321834528492
-4.649754085191811
-0.22134445584034002
1.8168257679429778
-0.5490982935059917
-5.988860349979694
5.88568891439705
1.3293942131038063
-2.965120406204891
2.0066637801380978
-3.558645498540429
4.180182783678348
1.6899655195178953
7.7915415542392665
-1.285732265808706
6.03411855048437
-0.575143573403434
-4.98102365768677
1.103683761510384
8.989877570245193
-2.9408230751214153
-0.23629900864779685
0.9736954065279695
2.816163264871807
-1.1575593753288496
-2.841968746478314
4.354428468236202
3.846763387772219
-5.534754287736993
-1.575961729547867
-3.383092551611043
7.306819667313776
-0.9666030531370247
1.9498954311424714
-0.4326675676630953
-0.6905063155814606
3.430628027974809
0.06748029912162273
0.2781806275842975
-0.19312618492940198
2.975243283753935
-1.9806568259625053
-1.5396135181550774
-0.8464488195060351
0.8776212720917891
4.1633944181973295
-0.44083847611464555
3.010543400968426
-0.8965336357977884
-3.1262372255034934
1.7230507319463682
-0.9934316289172473
-1.908087037378996
-0.5048922424404783
-0.478244861842737
0.801367725283317
3.867127560692292
2.1706259927575173
-0.2593159340488454
1.5508367434906072
3.8343883443944797
1.541765898138659
-3.1657455469331355
0.5239163668075906
-6.666331627985659
-3.0261256000578025
-0.6158704106019266
