-15.355306100718263
-15.355306100718263
-15.355306100718263
-15.355306100718263
-15.355306100718263
-15.355306100718263
-15.355306100718263
-15.355306100718263
-15.355306100718263
-15.355306100718263
-28.963193237990968
-28.963193237990968
-28.963193237990968
-28.963193237990968
-28.963193237990968
-28.963193237990968
-28.963193237990968
-28.963193237990968
-28.963193237990968
-28.963193237990968
-22.330458963196545
-22.330458963196545
-22.330458963196545
-22.330458963196545
-22.330458963196545
-22.330458963196545
-22.330458963196545
-22.330458963196545
-22.330458963196545
-22.330458963196545
-15.730686665781173
-15.730686665781173
-15.730686665781173
-15.730686665781173
-15.730686665781173
-15.730686665781173
-15.730686665781173
-15.730686665781173
-15.730686665781173
-15.730686665781173
-11.783208514718535
-11.783208514718535
-11.783208514718535
-11.783208514718535
-11.783208514718535
-11.783208514718535
-11.783208514718535
-11.783208514718535
-11.783208514718535
-11.783208514718535
-24.57897700026613
-24.57897700026613
-24.57897700026613
-24.57897700026613
-24.57897700026613
-24.57897700026613
-24.57897700026613
-24.57897700026613
-24.57897700026613
-24.57897700026613
-15.911753910383693
-15.911753910383693
-15.911753910383693
-15.911753910383693
-15.911753910383693
-15.911753910383693
-15.911753910383693
-15.911753910383693
-15.911753910383693
-15.911753910383693
-21.69702147835386
-21.69702147835386
-21.69702147835386
-21.69702147835386
-21.69702147835386
-21.69702147835386
-21.69702147835386
-21.69702147835386
-21.69702147835386
-21.69702147835386
-14.11652088638004
-14.11652088638004
-14.11652088638004
-14.11652088638004
-14.11652088638004
-14.11652088638004
-14.11652088638004
-14.11652088638004
-14.11652088638004
-14.11652088638004
-20.518319504052002
-20.518319504052002
-20.518319504052002
-20.518319504052002
-20.518319504052002
-20.518319504052002
-20.518319504052002
-20.518319504052002
-20.518319504052002
-20.518319504052002
-25.229948909250965
-25.229948909250965
-25.229948909250965
-25.229948909250965
-25.229948909250965
-25.229948909250965
-25.229948909250965
-25.229948909250965
-25.229948909250965
-25.229948909250965
-33.18244127120339
-33.18244127120339
-33.18244127120339
-33.18244127120339
-33.18244127120339
-33.18244127120339
-33.18244127120339
-33.18244127120339
-33.18244127120339
-33.18244127120339
-17.98584203282291
-17.98584203282291
-17.98584203282291
-17.98584203282291
-17.98584203282291
-17.98584203282291
-17.98584203282291
-17.98584203282291
-17.98584203282291
-17.98584203282291
-27.374197196461353
-27.374197196461353
-27.374197196461353
-27.374197196461353
-27.374197196461353
-27.374197196461353
-27.374197196461353
-27.374197196461353
-27.374197196461353
-27.374197196461353
-29.18065090035859
-29.18065090035859
-29.18065090035859
-29.18065090035859
-29.18065090035859
-29.18065090035859
-29.18065090035859
-29.18065090035859
-29.18065090035859
-29.18065090035859
-9.495593068881085
-9.495593068881085
-9.495593068881085
-9.495593068881085
-9.495593068881085
-9.495593068881085
-9.495593068881085
-9.495593068881085
-9.495593068881085
-9.495593068881085
-15.694820881846322
-15.694820881846322
-15.694820881846322
-15.694820881846322
-15.694820881846322
-15.694820881846322
-15.694820881846322
-15.694820881846322
-15.694820881846322
-15.694820881846322
-10.445574700624984
-10.445574700624984
-10.445574700624984
-10.445574700624984
-10.445574700624984
-10.445574700624984
-10.445574700624984
-10.445574700624984
-10.445574700624984
-10.445574700624984
-14.153451470352348
-14.153451470352348
-14.153451470352348
-14.153451470352348
-14.153451470352348
-14.153451470352348
-14.153451470352348
-14.153451470352348
-14.153451470352348
-14.153451470352348
-16.902785837943885
-16.902785837943885
-16.902785837943885
-16.902785837943885
-16.902785837943885
-16.902785837943885
-16.902785837943885
-16.902785837943885
-16.902785837943885
-16.902785837943885
-22.525112021696135
-22.525112021696135
-22.525112021696135
-22.525112021696135
-22.525112021696135
-22.525112021696135
-22.525112021696135
-22.525112021696135
-22.525112021696135
-22.525112021696135
-14.012671473546716
-14.012671473546716
-14.012671473546716
-14.012671473546716
-14.012671473546716
-14.012671473546716
-14.012671473546716
-14.012671473546716
-14.012671473546716
-14.012671473546716
-24.015222119497544
-24.015222119497544
-24.015222119497544
-24.015222119497544
-24.015222119497544
-24.015222119497544
-24.015222119497544
-24.015222119497544
-24.015222119497544
-24.015222119497544
-42.373379828039276
-42.373379828039276
-42.373379828039276
-42.373379828039276
-42.373379828039276
-42.373379828039276
-42.373379828039276
-42.373379828039276
-42.373379828039276
-42.373379828039276
-23.744683013193914
-23.744683013193914
-23.744683013193914
-23.744683013193914
-23.744683013193914
-23.744683013193914
-23.744683013193914
-23.744683013193914
-23.744683013193914
-23.744683013193914
-24.405143264461824
-24.405143264461824
-24.405143264461824
-24.405143264461824
-24.405143264461824
-24.405143264461824
-24.405143264461824
-24.405143264461824
-24.405143264461824
-24.405143264461824
-13.830550224036841
-13.830550224036841
-13.830550224036841
-13.830550224036841
-13.830550224036841
-13.830550224036841
-13.830550224036841
-13.830550224036841
-13.830550224036841
-13.830550224036841
-25.90835305921764
-25.90835305921764
-25.90835305921764
-25.90835305921764
-25.90835305921764
-25.90835305921764
-25.90835305921764
-25.90835305921764
-25.90835305921764
-25.90835305921764
-17.923482297859987
-17.923482297859987
-17.923482297859987
-17.923482297859987
-17.923482297859987
-17.923482297859987
-17.923482297859987
-17.923482297859987
-17.923482297859987
-17.923482297859987
-13.585475978564926
-13.585475978564926
-13.585475978564926
-13.585475978564926
-13.585475978564926
-13.585475978564926
-13.585475978564926
-13.585475978564926
-13.585475978564926
-13.585475978564926
-15.310363329088036
-15.310363329088036
-15.310363329088036
-15.310363329088036
-15.310363329088036
-15.310363329088036
-15.310363329088036
-15.310363329088036
-15.310363329088036
-15.310363329088036
-14.455327715514276
-14.455327715514276
-14.455327715514276
-14.455327715514276
-14.455327715514276
-14.455327715514276
-14.455327715514276
-14.455327715514276
-14.455327715514276
-14.455327715514276
-17.042035279921993
-17.042035279921993
-17.042035279921993
-17.042035279921993
-17.042035279921993
-17.042035279921993
-17.042035279921993
-17.042035279921993
-17.042035279921993
-17.042035279921993
-22.23645152427336
-22.23645152427336
-22.23645152427336
-22.23645152427336
-22.23645152427336
-22.23645152427336
-22.23645152427336
-22.23645152427336
-22.23645152427336
-22.23645152427336
-18.058437268615933
-18.058437268615933
-18.058437268615933
-18.058437268615933
-18.058437268615933
-18.058437268615933
-18.058437268615933
-18.058437268615933
-18.058437268615933
-18.058437268615933
