-4.095685434055735
-0.22167173427317585
-4.042282043205703
-1.2909312166448856
-5.8518033823705675
-1.8716903113584298
-2.3716147196216193
1.125209702174582
-2.136198864603676
2.318825730517081
-2.0262756936205077
-2.9719827880598517
-3.825223559426635
-2.636214036990828
0.026029726408202503
-0.7827368483710584
-0.6489917536469592
-1.3904927793554283
-0.730433881602033
1.8485779282524486
6.474373040705048
3.6189756916938816
6.236751227121429
6.19552838092833
2.365012272135954
4.164164960550435
3.610215100579936
4.090887796854745
-0.22218463547072376
7.403024708355752
-3.0597476454022856
0.28245759718569907
0.8908883220931249
0.1652577843025165
-0.1237156083647982
-1.2339124662731737
-0.6574236455952058
-1.7474299876018144
-2.698060161471575
-7.967334863772956
4.24739559864728
-0.34029893362398195
2.227520862185601
4.055558988907118
-0.4771128281340095
1.5759730307739277
0.019000504346844638
2.4945615858220944
1.1683640640177009
3.2344404662742248
-12.70551796353762
-14.652137394636169
-17.6528416477269
-16.551517913702618
-12.154913974445957
-17.76150068196679
-8.912438651258226
-18.20787387023591
-16.696043632144043
-17.28673709473568
-1.0922970386604538
0.5117381592744503
-2.343883839349142
-0.4730055529845829
0.12401476750620632
-2.712654446401502
-1.3942262489213517
0.6959756366342456
-1.6436696931374235
-3.1382747842286105
-10.330944355577254
-9.071094360739359
-11.788069158324465
-9.34037554127201
-9.04184238795866
-11.614762493623779
-9.704822673253231
-8.693619570811942
-6.194477487588659
-7.6928881369480235
6.275705360026133
6.0707159690819985
5.4613550391553485
4.81554580782164
5.235377717735139
3.48540218830536
1.7483151233442957
3.973282219928562
1.7989481515639665
5.842968524174769
-8.521471649627284
-8.813788945347719
-0.9850363815794647
-4.086360246400477
-7.918046973606501
4.983423848657205
-7.462760098006091
-4.169048974089986
-6.183599837790229
-4.805190281361222
-7.5721290310557965
-10.763954371932508
-10.887007644342262
-8.399328872764158
-12.356660740310298
-8.157060462909373
-10.195369969932417
-11.80837974838432
-8.049444787625415
-9.249072931544001
-8.844517484949701
-10.228902066143478
-6.29681173687387
-10.272898195161902
-7.315963969578052
-7.312649177399732
-5.463462626951029
-8.32951806103419
-7.325492605738894
-7.949987468150242
4.017774571639988
4.404171715224084
-0.7613353913890768
1.8642724611895436
-0.2103665895680198
0.45909748560751035
1.5207872279776944
1.7718334605774015
3.616609858352807
0.2272536517706526
-3.056202913098748
-3.449235105746533
-3.022424937808567
-3.693374808778701
-3.3233985148092358
-2.6571073530239
-3.661720044861173
-3.287978941665259
-3.1696171823270807
-2.949602289603269
-5.156692387986036
-5.573760559721866
-3.3039235323210496
-10.553291247186287
-11.681280308435827
-3.565420860173253
-12.905043331384055
-8.308650369464157
-9.966656287501774
-6.5034674546752615
-2.4027702808212474
1.1882803766161176
0.2534402810001378
-4.379646222213071
-4.462817033350241
-4.916162909580594
-4.209371676838106
1.79045347065578
-1.8876841423782018
-3.8644613751556567
-2.812280688762788
-5.458526855340895
-1.1233607794092466
-0.5325215182183178
-5.296011632655493
-2.959304985569573
-1.278699827915499
-1.4053719033496714
-4.866759494557098
-2.324252330900901
5.782911724926418
4.533301213096971
3.943717577669174
3.549360691306811
4.409857091577619
1.8239797094660504
0.006639837869806597
3.5174326675351457
1.4743525678979368
4.31394335928763
-1.3404963351119192
-1.6364774179672428
-2.0993300577913696
-1.717396853804717
-1.94570338732409
-1.6022337918778997
-1.8576186515676487
-1.3204154757970095
-1.6753505363300158
-1.6913145191083825
-1.4419047285401605
-2.7194617785607376
-3.6462852730048665
-2.6526332564114026
-1.047044553679566
-3.6894211658855185
-4.1793311931124615
-2.98323223331756
-4.248513317936946
-2.383769360928695
-6.184654756673031
-6.891684209105851
-4.52157736346376
-8.595509917116546
-4.19964618541846
-7.745041030108501
-8.111882880639335
-5.830686672957323
-5.90684270862316
-6.764752719539529
1.2407706281094426
0.9762236398948569
-1.3863196213536966
-2.0885138167249244
0.4369369131857255
-1.930107359652684
0.6808803120801109
1.47293598449656
-1.3863265063498242
-2.0880925658598315
0.09299472478837878
-1.778246238450184
-0.5284934505307235
-0.7608992239230002
-0.5237550900258047
0.3530854462775048
-0.08307574580111687
-0.43954676221986155
-0.1511453772225042
-0.3846850582035809
6.111297567743105
3.404507736361398
0.6320760754954161
7.958344531576875
4.177585589659687
8.039619887484662
9.525486397568688
3.34513694586329
-0.7795952057066952
-3.2064991072170743
-1.0625419852208862
-1.087937916183877
-0.9862351720889433
-1.1385593461877885
-1.0821636478496155
-1.0454586392270375
-1.0157535340165156
-1.1668394820311774
-1.0268518727543934
-1.0517294922685272
-9.101813232311658
-7.395413737621546
-7.456908812362346
-8.16761585334837
-8.017538359530551
-8.596155633182391
-7.673997582450701
-9.882223366273692
-9.378364017566867
-7.455648604870904
3.455974538449495
3.0121540849412263
4.14179771286331
2.6025902034291093
3.637185611404269
3.59580245105425
3.618345764549111
-0.3344966297092078
-0.7888704918197684
0.5869649766436084
0.0020298889795970325
-0.04788168179193779
-0.07797020012900066
-0.08554253149370089
-2.7393009873150564
-0.049326813604966206
0.024367466065038774
-0.03916415638540485
-1.8851189576024783
-0.09668753602815544
0.8094499955111769
0.6530655773770668
1.349380049226272
-0.8296206376172488
-1.200087976934052
1.5190032769166428
2.259867208447453
-0.2753446104561377
-0.012069679660560717
-0.00485287157458858
-6.8892482002739595
-1.364546995442179
-1.4612065272512946
-2.1146111249236608
-1.8606067612599881
2.2080195585840365
-2.53843093902535
0.656795250128327
0.2930870475346455
-1.7303353418282146
-2.578879231287037
-6.308314400707114
-5.302663176068926
-3.929743268914338
-6.8014469073401
-7.181614638972371
-7.510269016554947
-2.3932898805920195
-3.541354989543031
-3.6488905884188467
-1.323978413684324
-2.079857923975265
-1.0250763080952168
-0.9889143902777708
-0.7214428187865998
-0.7811222890490574
-1.233041033055551
-1.7500970658200994
-0.8254735430371789
-0.5541843855913368
0.6203563767196848
1.2794225085490516
0.3694570265368312
0.17851766984710477
-2.2835661354837127
0.6346678668887867
0.5343603245451896
-2.1707519997180986
-0.5383292864145588
0.6495372871221032
4.027717364533614
4.600226857027558
0.5041700479118881
0.5878047330158569
4.673794982023565
1.0120745044517505
6.186916396923518
9.299432257545648
5.776907919962429
5.8599011661245415
0.3789223616795151
1.2687226069139128
1.1828545412245566
1.3342254775838478
1.1563648759255503
0.22586668105761787
0.6876394642733055
3.687553665197826
1.6792668222732248
0.36700023864756937
