-1.4311367334848022
-1.2901393751924037
-1.3209769283158677
-1.3584656498614487
-1.3004465634293962
-1.2588043114638592
-1.3852536130180155
-1.307764975353062
-1.249510124001631
-1.2633707272164347
0.9592578597414391
1.6129012442513668
1.609675632557626
0.7432442475004901
5.08956650246607
1.79675665412692
1.1048115677322792
1.0966596512907585
1.642011781816762
2.821064511398343
-2.3250652863013075
-2.734959092740655
-2.536507100831823
-3.366666408222792
-2.384547396809163
-2.67267375108896
-2.4433940656958253
-3.1006445655326154
-2.365639836501233
-2.9052819206978424
4.000891485665563
1.1682407687155703
1.7508995987079734
1.9456414779445927
3.1830261806028304
3.396756341584957
2.6860614329714356
1.5183304828783681
3.1136362190559375
4.3118365893537
0.14174170951180615
1.1474586689424093
0.655946855341672
0.7045590262871801
1.1940712274056422
0.7013103074182867
-0.11694890060699673
-0.1461301209375922
-0.9463704892634061
0.14543495121370523
-1.9808347480693211
-20.30180323414407
-1.961730750943931
-18.074951399421273
-2.72607523563928
-12.620499928199395
-1.1227858246425189
-13.949648020263858
-17.321850245626322
-2.0645466013504445
-1.4547799516812605
-0.832787947049747
-0.945248693424704
-0.33646949515140834
-1.9866545554530735
1.45974284575229
0.23414420247602186
-0.9433468431288135
-0.4359194922109517
-5.2539385542751615
-1.8578143725105216
-1.897476152645357
-2.70273124453988
-3.6229963010166366
-3.327644638983937
-2.458528162803468
-3.0584768106721194
-2.3125131454582513
-2.354616023396448
-2.28035758685622
-3.075333844098667
5.446293716097775
6.289329191058726
6.800664124576842
0.6968880360701399
-3.8341041143591013
4.815181469848362
-0.17838730283043125
-2.6873882552336164
-1.2617046206483304
-7.911111066491093
-10.62737756183652
-11.494568761500503
-8.01173413350848
-9.818909432294278
-8.15580180769308
-0.7596895025605869
-0.9734182477243715
-4.122391048823497
-4.013457646905302
-6.689631973293009
-5.6804460996606
-3.0591230518926475
-2.251057791341746
-4.526926101993921
-5.102920213790022
-4.710422390226758
-3.1208541993768213
-4.051939769532363
-4.279138703912242
-1.8062414980555677
-3.1144825305154287
-2.1545644715519163
0.7738428384859017
-2.5256306659760535
-0.9623034573066174
-3.985205223458454
0.3716688390392713
-3.8238388761579754
0.18501335775309413
0.4338507277849956
1.0808194601339673
1.388374872718353
1.1259225847729746
-0.8649526734918745
0.6658642149805407
0.5234088994439232
1.4018763449202838
0.8877523384624382
0.25714479718692185
1.5312358046598427
0.5575046549331945
0.9596983732765092
-0.36617700670773495
1.5217554356648426
0.36569992792307837
1.092375768649413
-0.36731848003399076
0.5671777878727896
-0.3657099186933683
-2.302471804483893
-1.0299091678453454
-1.5613129613303018
-2.5738101827821707
-1.0018321622877502
-1.4789346626119508
-2.4693292198598433
-2.0125268214369676
-0.9291578804106361
-2.252707313704593
0.6716746882437218
-0.6044399805909731
-0.6231481399003005
0.4691123621342479
1.2516071254540022
0.6004832093486813
1.871652213908173
-3.645047844520313
-0.575044896786555
-1.4956798589256983
-7.69255580332687
-5.739422967419918
-7.317837382149834
-5.697639403002203
-3.335510059396698
-5.279377467316672
-9.654351369953314
-7.113208427179504
-3.43433358056462
-4.792691334983584
-3.121987668945702
0.646144789638964
0.6478785833946284
2.608544843765991
3.6017942585138476
2.158194202974494
-0.4782856556608419
1.1198201290968393
0.221232320312021
1.8295894134510062
-3.5874625411559062
-2.6983198639027055
0.16962934898291387
0.26497602546204835
-2.8901796940123843
-2.574809223225736
-0.9244026124181772
-1.5315143822678174
-3.264881201513089
-1.1804734272166595
1.1907543551900717
-0.6291529168963419
0.4124511739927469
-0.6040986025991523
3.687548837045685
-0.3263081886482344
-1.6418969505063026
-0.8530872728586394
-3.005342678595381
-3.617335140880916
-1.9661179557649802
-2.7586722688300833
-3.192257590667438
0.48291781698206176
-1.9600325585676706
-3.2115795938901694
-2.374423375764169
-1.5945692388554582
-0.05665861278434747
-1.9803181360114355
1.1749949244105116
1.2296798739825041
1.0471223018342188
1.1277574004504913
1.3864823312748598
0.4629687715242596
1.2216726242960703
1.1822987652174115
1.2183269125521783
1.237426426401732
-1.2148243463969541
0.9385177461624516
0.40412701526150735
0.5413167173116828
-0.49745415123471204
-0.9952844149068014
1.0457789549518508
-2.2602206118451864
0.9801080992481905
-0.8814478222550519
2.5322484736998763
0.3035600614086631
3.7906864866977665
3.737853686159517
1.2739135965851318
2.443062669882857
0.1637833863495423
1.1715384529250041
0.7663281103760564
2.3799817211517453
-1.1210381078428817
5.575614254239376
2.6553041669927797
4.137898960773475
3.6442616532571988
1.0579310442803576
1.1129742919900756
-5.481354809427564
11.522365318133568
8.467995596076214
2.909441550797759
2.7319138327180608
0.7283369549122284
-0.21868200004727167
-0.653017822709322
3.666465495198787
5.155212602658167
6.405278037903695
-2.026640599465955
3.1559958130895645
3.4944619575648965
3.7113263214737775
3.6906231877113287
3.4918314288202774
3.6349652054414854
3.52232542482824
3.8036048950490704
2.4913335995660653
2.9433654060325276
3.7849224012273046
-0.011688525038366517
-0.011692427979215152
-0.011690080824660845
-0.01168502457897281
-0.011685507750312997
-0.011689423529887187
-0.011690080805790988
-0.011690080804412924
-0.011692427979215152
-0.011688525038366517
-3.0376846399100312
-3.1873136964214646
-2.8803987288974633
-3.252013179502295
-3.241781250549881
-3.2416758507938224
-3.48343532856959
-3.1332705043457607
-3.127584500162273
-3.128306085801234
-1.7059863596117513
6.59648324188389
2.1020906036306677
-7.1261618517477565
-1.8852826601317543
-2.8184840408662986
-0.560579295299235
-4.760167084324842
7.600104607076738
3.5674075663998925
-2.8407296113203726
-2.2929175690266823
-2.1663643042175496
-3.382392598108499
-2.011195778900714
-2.8228936006199885
-2.9246127848744097
-2.3667683957220014
-3.3474030301307773
-2.1575236259203554
-7.800588006378006
-6.685463619006832
-8.919388180951513
-2.2498272094315714
-6.309119787221914
-8.448887000226566
-5.391824163896221
-6.783681977473387
-5.2599427195513755
-4.976578905080281
-2.0325608935572066
-2.0296588822934316
-4.052559193618395
-2.9358429275223012
-4.28560189118397
-2.4559434635956956
-6.316277306536233
-5.438871612681185
-5.19500692145169
-3.612421319899878
0.5089456092451814
-1.0518005107771464
1.2290960474484778
-0.4086388467948644
-0.11105777410152806
-0.6856934984890094
-1.5450010113655488
1.3107919856117445
0.7584364396705968
-0.7827746800530024
-1.1431950120594392
-2.2608026509517547
0.1850658325905163
-1.7897700847637068
-1.7021786842935633
-1.9283069002891158
-1.6962301467131118
-2.2306322010277624
-0.55758253420113
-1.730285665229234
